1.637523125282155656e-01,8.405691266263747019e-02,4.331793212290608874e-01,3.453472138909081252e-02,3.927939048168756914e-02,9.180854420670375715e-02,9.947138084642928590e-02,2.781742965935074356e-03,2.982805988024916227e-02,2.130761380999049437e-02
1.209445091733643562e-01,6.391070596623979472e-02,2.266248650704404399e-01,4.772426516343801495e-02,7.423113068778590395e-02,1.357203119232361088e-01,5.449783654011138706e-02,1.719046165042579719e-02,2.439360475818001250e-01,1.521986624315832884e-02
7.035441851420149995e-01,1.819943135997400402e-02,2.842622002124952502e-03,4.203608638949024937e-03,3.013555769058149855e-02,1.499931356335918592e-02,4.132854807139312719e-02,1.698893272075069627e-01,8.125252002630105243e-04,1.404488112383278468e-02
8.873795059452234124e-01,6.111361896406476008e-02,1.802153061875737955e-03,1.917741613820974451e-03,2.063768253601206554e-02,2.041942851655331910e-03,1.496510446836589285e-02,3.706202807592034500e-03,5.386470976484012546e-04,5.897400653741185876e-03
8.920124435513658856e-01,1.819336978976550390e-02,1.103559624278402243e-03,3.048468662913042960e-03,9.701614664062656324e-03,4.773618566692734017e-02,8.987280115212967907e-03,8.825778962795708879e-03,1.026216527558257213e-03,9.365082435119766874e-03
3.027332412931945105e-01,1.168586326755039146e-03,2.063539740543647756e-03,6.159801703603058100e-03,8.164202711985524274e-02,2.895163347932989614e-02,2.963590033363213208e-02,5.394247204248899807e-01,4.463683774646573965e-04,7.774181200731789497e-03
2.040986699182205100e-01,8.382775043574929030e-02,3.351887675356578916e-02,3.712935015750207929e-02,1.027721982656828598e-01,1.319508664073383020e-01,8.712241017495615802e-02,9.514229256881362451e-03,2.982900830240144963e-01,1.177556560608865668e-02
6.808882282577911615e-01,2.770244762283654780e-02,2.246523130130393710e-03,1.081907187051132403e-02,1.651544978150694121e-01,5.421036372977649370e-03,5.490817580893732341e-02,3.709560393430699765e-02,1.512950833889405546e-03,1.425146435354973651e-02
9.227274008515785608e-01,4.620449988331221981e-03,1.406824642292424637e-03,7.359734246997064015e-04,1.868567660822251925e-02,6.848253684014469524e-03,1.338802182886323841e-02,2.651979369849201407e-02,8.973107792780113823e-04,4.170294494227789507e-03
3.577475148496385704e-01,5.413453255215954218e-01,2.110157728968630256e-02,7.250585303418793925e-03,8.144892276381196505e-03,2.411985609357806745e-02,5.939318862353046465e-03,1.250163479032360275e-02,1.946880065894713435e-02,2.380494354077584453e-03
7.405187735496946422e-01,4.290317891707866316e-02,3.200367921465912223e-03,2.136659223270659293e-03,6.690762429810299949e-02,1.390423509857774756e-02,7.749003235749461760e-02,3.754415074602655833e-02,1.396399674137371351e-03,1.399857821415049705e-02
2.689796650991833626e-01,2.835346991132038988e-02,1.656216771138046065e-02,5.571800926645218560e-02,2.862051474045756438e-01,2.109382302123046643e-02,1.033266322496307482e-01,4.814753348527668619e-02,5.935091550729898295e-03,1.656784603002198764e-01
8.300475001878243608e-01,1.027393784463930398e-01,1.131463680511320818e-02,2.749488248048432941e-03,5.438672854088245738e-03,1.093089335788583610e-02,1.604897624706114884e-02,4.637508127776001840e-03,1.317029485959778871e-03,1.477591623984972173e-02
1.982282423671130056e-01,5.788561294343175234e-02,1.359052258415230537e-02,2.364967920405923740e-01,1.219036116806292980e-01,9.016996922962533523e-02,4.476520243922565284e-02,1.285739590661486853e-01,5.697825282872075181e-02,5.140783482036101470e-02
4.108946483013452555e-01,4.347034259836098091e-02,4.892497494256930514e-03,3.120577779450741107e-01,1.220066178778432681e-01,2.930069192085990940e-02,4.130920311365397085e-02,1.933361619095711609e-02,2.862536805240688091e-03,1.387206775240797628e-02
3.705005175451820953e-01,1.843024515903711122e-02,3.559580156793881820e-03,5.352949381795647776e-02,4.613122682691713633e-02,1.519967887411242946e-02,5.576816945098759387e-02,4.113539209568822796e-01,1.226397277821843820e-03,2.430076993430911256e-02
2.514119295817687227e-01,2.047775059458860625e-01,2.677678797314731463e-01,5.238923622434961402e-02,6.481302000797738161e-02,7.273301216753665088e-02,3.083600715376716428e-02,6.305232347768920456e-03,2.620983750282532970e-02,2.275633933664645420e-02
9.224714907259855545e-01,5.772068598094968334e-02,1.832275474886545632e-03,3.742940426923258078e-04,7.850437447615639039e-03,7.882526496108964616e-04,5.504808757063129124e-03,6.085325231476298785e-04,4.560242355205264449e-04,2.393198162528157626e-03
1.999171076783374246e-01,1.481896410525486429e-02,3.581660489362807898e-01,2.272554246408107353e-02,3.056029909955648716e-02,3.055379659903177392e-01,1.485399757584931341e-02,1.170882553521291128e-02,2.517649266446483208e-02,1.653475595064392636e-02
2.621083179029212729e-01,6.870455337261865969e-01,1.904270621690409230e-03,3.462330111332343092e-03,9.930154811430480163e-03,4.593290397956653615e-03,1.485873273338777188e-02,5.882731737906235448e-04,1.121189797927939907e-02,4.297198542024494201e-03
3.260008609792198753e-01,5.993522496097898333e-01,4.619281446505649896e-02,1.569287611764328370e-03,2.471281766928512102e-03,1.174164856219902598e-03,1.371173217649384636e-02,1.897606969021927185e-03,3.631372257624697949e-03,3.998629307880539711e-03
5.468237893071294931e-01,1.381825225563575524e-02,3.437041852004747017e-02,1.564910060199432851e-02,5.024374105272096103e-02,7.676949918923488270e-02,5.736847728543302549e-02,1.435643004716392612e-01,9.126585287668782451e-03,5.226583602849622229e-02
7.005878272070371615e-01,2.885529964521681839e-02,2.146019639997984521e-02,9.079106900062998420e-02,6.770061667536880767e-02,9.818175396250697351e-03,1.591369404358053755e-02,3.559862509734018632e-02,1.849456580516930290e-03,2.742503995407929995e-02
5.286075302105336382e-01,1.320780292458264005e-01,2.147874252350726390e-02,1.296652389414906792e-01,9.083162857443110097e-03,3.818692498574707828e-02,5.269891564125479821e-02,5.129519828477609178e-02,2.031036806660556013e-03,3.487522050276038038e-02
6.117462925659507000e-01,1.625910745014080561e-01,1.049190396921263757e-01,7.795915187038880527e-03,7.700627586173597328e-03,7.522946728900378396e-03,1.992893152241912574e-02,6.790932508234909237e-02,8.242506152614691639e-04,9.061596518371876560e-03
1.268793319290905941e-01,9.611615262279858685e-02,1.274974921464197899e-02,6.290666334719173802e-01,4.123085662527326695e-02,2.820107176314823674e-02,3.877315040549556696e-02,2.403493992985425692e-03,4.100908347618018035e-03,2.047865162703071257e-02
2.318870540290879009e-02,7.983573582079417363e-02,7.296833837134071299e-01,3.816285422959296569e-02,9.684055543573719463e-03,8.906818465761043302e-02,1.223921598827989489e-02,9.805492370684794779e-04,1.220696005996744181e-02,4.950355346797296642e-03
1.056403168888493393e-01,1.881304527886369475e-03,1.068841321357404291e-02,6.373574394169497295e-03,6.434788191956410108e-02,2.390530035500055064e-02,1.681500385588383800e-02,7.467634225442539853e-01,1.212833091985267286e-02,1.145645138096563868e-02
3.444716573487978106e-01,4.252103095411630118e-03,4.039489560798224972e-03,1.206191260361059829e-02,1.175741535413774158e-01,1.148766264167949275e-01,4.316933845081484533e-02,2.922184805917606432e-01,5.207823044360255366e-02,1.525800794703139132e-02
8.071024729207573190e-01,2.088350064398115935e-02,8.265417768427292880e-03,4.069580607513812419e-03,6.553463349752132461e-02,2.555704705463594795e-02,3.910204978082786054e-02,2.367168187672924126e-02,1.067956233212160200e-03,4.745659616393740898e-03
1.278983355759561458e-01,9.095207150554808495e-02,6.780989097220500167e-03,6.699381783557594172e-01,7.276156401364860388e-03,3.391181197208165826e-02,1.586775282739767354e-02,7.607841830772839146e-03,1.220540173188555287e-03,3.854632226071014883e-02
9.245820767921667516e-01,2.663563711478053944e-02,2.415885324565567992e-03,1.277802896014606018e-03,2.372134291115858204e-02,1.358060807697126973e-03,1.253178213381480298e-02,2.001825919096033701e-03,1.516233349913535670e-04,5.323962765714364102e-03
5.033369957957650742e-01,9.617887661898717744e-02,8.545506773482139037e-03,2.000062001418324853e-02,1.698418293932382056e-02,3.077341014855032586e-02,6.229026386938702614e-02,2.049583774336224129e-01,2.912891520302586090e-03,5.401887488639618012e-02
1.726677577465435542e-01,2.761746621104840815e-02,1.314122375442021949e-02,2.425220731931488835e-02,1.716844057274763968e-01,1.496691693533378775e-01,6.292989058808494407e-02,9.274492659263824934e-02,1.888034629208899806e-01,9.648948978624556638e-02
3.639770254701336222e-02,2.038951133042519667e-02,3.304404957141831873e-03,7.950571205336803837e-01,2.589798411596836228e-02,4.556752850314430003e-02,2.977528486377984535e-02,9.220252107447472756e-03,2.745278564675907463e-03,3.164493247672410525e-02
5.677711436377106402e-01,6.514493143882263415e-02,5.844257610079198195e-02,7.022251088975714484e-02,2.062854788148405644e-02,7.721255819840429357e-02,2.947865652102718212e-02,5.983182951331924432e-02,1.560183696196787212e-03,4.970706212248629519e-02
9.445564025430099875e-01,1.126623306574455440e-02,1.314535837301206590e-03,3.961691863079667454e-03,1.134757192380063742e-02,6.116832457944480078e-03,9.832577974474940308e-03,8.101211776172990986e-03,1.890719296866971396e-04,3.313870628785090845e-03
9.462409904294789564e-01,6.864567811603342062e-03,6.686313088629307171e-04,5.749621514446075481e-04,2.292562035637681420e-02,3.806253465385064146e-03,1.278825418007398934e-02,3.758228841411227327e-03,5.188660900466871093e-04,1.853625365316709196e-03
9.074415144955803036e-01,3.685868886641324726e-02,2.274589809789252619e-03,6.866255163656889184e-03,1.554818420391717269e-02,3.669135389388298533e-03,6.518297844251715566e-03,1.264054225020550329e-02,4.203188734935631621e-04,7.762473103304495803e-03
2.853622745510308034e-01,5.185072778038903873e-01,2.059840976883484803e-02,3.723003193878583750e-02,4.967436176356467004e-02,2.510485852784935176e-02,3.732874524736495836e-02,4.899632812251838825e-03,1.513104527399210600e-02,6.163362312435221278e-03
5.540990714318785315e-01,2.401693558726827535e-02,2.914363264722113697e-03,1.103703301031366997e-02,9.720720610921548821e-02,4.961334776733229007e-02,7.384880659306133910e-02,5.151381665546365257e-02,4.968908091524801805e-03,1.307805114892203469e-01
5.172558624622790591e-01,4.523204200084354198e-01,3.505472501499435223e-03,2.847496927732373704e-03,8.398553047686852305e-03,2.107637879006070934e-03,5.822092865494543287e-03,1.015651613152902160e-03,3.271663366145011187e-03,3.455149328568354189e-03
4.877308816044074735e-01,1.550890693521230802e-02,9.799953617088486002e-02,1.251473263110365435e-02,6.913403588158203994e-02,1.797218048315895600e-01,4.820676097766674745e-02,2.374664378848033441e-02,3.052447157084041754e-02,3.491222560823300375e-02
4.414840384844232468e-01,7.294390542304055036e-02,4.084300531338242585e-02,3.443843286246426466e-02,7.053944690030704290e-02,8.811927400803730437e-02,3.718097423417866115e-02,1.708418979414169647e-01,2.050970361603515410e-02,2.309932121671398955e-02
7.053688284111334639e-01,7.401511811919168904e-02,1.624714440362356668e-02,5.053358858166351331e-02,1.408678532128385640e-02,4.769592158110950303e-02,2.207763625603816754e-02,3.958378652148731441e-02,7.756002707340559944e-03,2.263518809712862859e-02
2.031846004673129036e-01,7.749318749960319996e-01,6.869114701274707524e-03,1.401575305747722235e-03,6.904324973346359987e-03,5.929415788183835636e-04,4.498947940034006901e-03,3.089999538805384273e-04,5.734360252888163730e-04,7.341840582648334178e-04
4.363770302240163046e-01,4.706925270936597183e-01,2.083231330007289783e-03,5.962743477504938577e-02,1.237545474760927758e-02,5.010116171107772270e-03,9.571737860418531862e-03,6.053087683307604907e-04,2.558136366620820425e-03,1.099022663179593119e-03
7.655505696491786694e-01,1.401501534574813024e-01,3.701003218545362381e-03,6.044574378696995244e-03,3.461949943377139877e-02,1.113320341720829346e-02,2.660520844997858389e-02,6.381660978053961542e-03,6.243673048277756724e-04,5.189759712257639539e-03
5.331697816658593769e-01,4.250855073824259117e-02,4.736034736902019517e-03,1.419924476556368720e-01,3.984658107229903379e-02,6.279455808790188054e-02,2.898524933575033491e-02,1.306040574710635449e-01,1.018276463576380225e-03,1.434446277276782596e-02
5.607545755525376041e-01,1.308283911989338577e-01,4.342143336996398366e-03,3.451207595204826284e-02,2.819682430784101190e-02,9.768948167294849716e-02,5.789877609131216518e-02,6.600743159935057447e-02,7.760779801113866852e-03,1.200952048691825841e-02
3.351896428035670006e-01,6.284965492517002872e-01,1.469896812957047910e-02,5.300089891036984663e-03,1.799301294069827846e-03,8.528656509056424528e-03,3.042010700148341587e-03,4.774334363129587657e-05,2.246148285763871228e-03,6.508897914550647703e-04
1.102807050936774474e-01,3.277768757127653282e-02,6.005712091557277033e-01,2.479483388954242459e-02,9.706348135272803435e-02,8.118663636003058126e-02,2.670463276650126075e-02,9.771083920494617880e-03,1.104995444529390143e-02,5.799775444727301062e-03
2.365987658172946095e-01,1.907982942720031772e-01,2.220985409674638283e-02,2.418270025126018352e-01,6.388335795795936634e-02,7.555322448617393660e-02,1.270394613466089562e-01,9.145165252336859979e-03,9.984388287582279461e-03,2.296048597069254987e-02
8.279573714335424217e-01,1.550625644318450597e-02,3.575538102451607703e-04,5.780532837834233099e-03,2.990281044170344654e-02,2.000615901405205371e-02,3.043196900719887313e-02,5.669625935674261347e-02,1.258879028876899861e-03,1.210220862662004897e-02
4.305205327020850820e-03,8.087130121254790596e-03,9.690127761430482600e-01,3.863634661381543079e-04,1.721060629142598213e-03,5.200917856251128374e-03,1.088683409351045260e-03,5.986330079376040239e-04,9.386445328199240559e-03,2.127847116558304443e-04
5.787299297266051967e-02,5.224907285496906140e-02,5.538420920647182388e-01,2.293400775573129630e-02,4.613741479535426321e-02,3.746337353962599787e-02,2.534713716640915257e-02,2.838932201350301190e-03,1.864272069828169787e-01,1.488776966636463570e-02
1.684823740308817874e-01,8.828817697683850885e-02,5.276648935073481594e-02,5.151181570937349297e-02,1.074218382494058766e-01,1.527374870549256525e-01,5.745473633643093103e-02,2.725403329478753855e-02,2.388847174824664243e-01,5.519833151415477063e-02
9.165447262670085582e-01,2.726578474114676326e-02,1.323325436653966436e-03,8.261672246260754913e-04,3.135902982599245853e-02,1.295157829559271442e-03,1.197744794019199241e-02,3.476159247197568337e-03,5.472676923926506369e-04,5.384933795230906033e-03
1.717870931869068529e-02,1.329266625124618170e-02,7.227339034224622427e-01,4.176078327795033907e-03,1.284013260139470203e-02,1.920052864994695463e-01,2.738092668186889629e-03,3.254616888449246570e-04,3.362678350847544267e-02,1.082885713434200833e-03
7.663822290938304693e-01,8.639407293084500061e-02,1.135464480966985774e-02,4.285251054286506184e-03,1.208303058667687703e-02,5.528620325445451206e-02,3.734753764304791362e-02,1.804524273885621879e-02,1.535880992704839873e-03,7.285906895628071686e-03
6.273880115032960392e-01,2.094922664534361670e-02,2.709246063752542531e-03,1.012486001038606087e-01,6.848545256863473873e-02,4.854572354819579327e-02,7.191119958167731252e-02,2.411580452141388886e-02,4.297653470360299557e-03,3.034908199346520591e-02
7.987137140591897833e-01,4.524994601812436235e-02,1.729455258477518437e-02,1.099349588157883667e-02,1.856134441505677413e-02,7.619878872601938691e-02,1.407692225906553504e-02,7.520906344628704859e-03,2.708055836724484848e-03,8.682273874837153141e-03
4.631047980149673865e-02,4.617202726746132135e-02,8.006269375628009485e-03,7.693775156396599479e-01,5.138109832005816058e-02,2.611161586832651954e-02,2.124817776407548348e-02,1.707549637289135225e-02,2.215651823377771251e-03,1.210166776702469894e-02
8.201189820486051163e-01,2.287392575008660375e-02,5.677052386616589577e-03,6.305578314888263952e-03,7.819765369275187561e-02,4.685394837319613662e-03,2.571574821453924062e-02,8.693744178106454709e-03,2.356849213165747477e-03,2.537507136392043450e-02
3.745268690003851764e-01,1.856696360313479441e-02,6.382622673715037005e-03,7.524751750147178064e-02,1.555475818174921754e-01,2.498528020284545015e-01,6.865843956312631113e-02,1.682360764823371407e-02,2.813495234017800856e-02,6.258643823808321405e-03
1.829890802410047701e-01,6.450488381326955345e-01,2.798514162666004140e-02,1.479475571913245989e-02,1.814757772931835378e-02,8.585013860454557277e-03,2.444078873302484717e-02,5.834596596544708649e-03,5.284032333755754075e-03,6.689017502740879362e-02
9.048049217631989327e-01,1.812908404118060077e-02,5.446270063218899317e-03,9.534719865833343050e-03,4.887073954241357397e-03,1.424620422836463465e-02,7.735981561548925696e-03,1.744108431513656174e-02,6.769840377526561287e-03,1.100481982974931515e-02
3.395834688749727048e-02,4.959315976434912621e-01,2.161481580218545251e-02,3.902813243583106440e-01,1.566733353748615484e-02,4.753649666684204786e-03,3.206920329621426591e-02,9.226507397138100728e-04,1.000432163158181294e-03,3.800645905258684051e-03
6.065567503038329922e-02,8.777820038598025398e-01,5.201854133787066174e-03,3.570037010287246959e-02,8.170044258214563884e-03,2.079893742262921459e-03,8.839136228587396449e-03,2.104291175189945771e-04,6.512762590329102506e-04,7.093172675381897345e-04
4.680144883265038303e-01,2.524086894800736114e-01,5.634047905661857675e-02,1.963134622238395938e-02,5.045379658213428042e-02,6.848282315568061940e-02,3.701090950835778798e-02,2.926443110110048609e-02,2.995191802047951404e-03,1.539784476509889824e-02
9.226572830272565806e-01,1.038292447297204692e-02,2.464979002720936278e-03,1.773744305417266839e-03,1.522898139807769662e-02,2.801658128280394826e-03,9.288054452887785015e-03,2.905486271264065209e-02,3.368753580628843446e-04,6.010637141684260776e-03
7.123863220217441228e-01,6.113013078901145814e-02,5.037909092784453868e-03,1.985326907566720492e-02,1.164100124515749651e-01,3.179633475753696620e-02,3.042217657552569177e-02,1.592761897909950042e-02,2.593639047672052951e-03,4.442587209383478015e-03
6.675337873128790456e-01,2.351631271481010102e-02,3.181741090000607310e-03,5.562663831935115571e-02,3.389673971206535324e-02,1.175324477267769424e-01,1.439936358055322711e-02,6.931584533141954552e-02,6.096292405563309182e-04,1.438749497158776924e-02
2.266838518530959745e-01,1.950632947494954778e-02,8.612351520705109967e-03,6.115447612702987895e-02,3.005109756202501980e-01,4.097929588418122715e-02,2.891154138808247342e-01,1.608139183504848566e-02,2.409780829583706672e-03,3.494613297433130095e-02
5.917541651444343520e-01,6.294962339200942808e-03,1.002170115378389278e-03,1.217238399838145926e-03,1.529203124731498727e-02,6.356423194028101679e-03,1.967001175369628360e-02,3.488802791912704038e-01,2.187083811597169934e-03,7.345634803241833481e-03
3.182548746596475242e-02,5.476576369323175042e-01,3.359612572565445210e-01,9.243710987894211348e-03,1.003659635756434625e-02,3.709344399048979807e-02,1.827533580677802999e-02,3.586528073969539221e-04,5.637835665252427693e-03,3.910042729797007406e-03
5.800924657909530824e-01,2.473600796020989090e-01,9.002185836117065562e-03,1.477047412365798187e-02,1.538802703670249031e-02,5.194484228676553988e-02,1.584388079632798388e-02,4.270200455987901295e-02,1.691045084847753351e-03,2.120499488264996138e-02
2.568883180664733104e-02,5.225131939208076809e-02,8.240766969544721654e-01,1.191468786630662732e-02,7.020362789987897624e-03,4.367507924280115278e-02,5.973440807365366402e-03,8.095205088914265990e-04,2.503906832087220494e-02,3.550992310575321314e-03
8.102127630124557334e-02,1.514412748651405502e-02,1.020795610427804728e-01,9.945823792007160713e-03,3.228451810531555305e-02,2.311051692254517398e-01,3.830946355409740878e-02,4.847163481989677156e-03,4.645684970548141779e-01,2.069439995578444338e-02
2.518463977052143310e-01,5.650372974780946272e-02,2.164858083219874801e-02,1.449229220598449164e-01,4.667816610238582908e-02,5.866615860632133639e-02,8.539767040521868691e-02,4.094683842364812976e-02,2.805103280204611360e-02,2.653385033153126682e-01
3.891757584903201422e-02,2.055425424521512348e-02,3.346137078454130553e-01,9.684758834376657952e-03,2.220808443917368299e-02,3.554093176156336575e-01,1.610528198578526152e-02,5.430409962199139566e-03,1.824872634620409717e-01,1.458934576113046257e-02
8.423321318025841498e-01,4.678137218007707987e-02,8.662857663620644700e-04,4.289870371161822078e-03,1.467970623528906324e-02,3.549066919062708776e-03,6.500103064862688962e-02,1.262585767783259635e-02,3.070204938906775666e-03,6.804473460096948506e-03
8.738324728445192591e-01,1.340608322508027653e-02,5.124877120019175492e-04,2.019673966297270105e-03,1.011953987923580427e-02,7.510612503231413849e-03,2.977032877346708767e-02,5.363903093186179333e-02,4.594568605075726765e-03,4.595201559230041762e-03
6.420660757056002588e-01,2.799867856996701154e-01,3.845287439440752634e-03,4.881682059949851715e-02,6.955763595690433836e-03,2.377113927545628554e-03,1.220318046670733000e-02,6.014152992752425011e-04,9.178966434246961948e-04,2.229660623147075235e-03
6.169939050152037190e-03,3.993305687923911357e-02,8.312276449636361031e-01,1.099610458502389178e-02,5.755959384708812278e-03,1.945252984235397095e-02,7.493150857409205771e-03,7.591397190631579044e-04,7.680187980623313926e-02,1.410594912180323287e-03
7.596187693479966585e-01,1.889170124132756243e-02,2.354969338311074800e-02,4.324002683670316941e-03,4.245103629438817111e-02,1.364251054727419650e-02,4.751535637985216526e-02,6.002644149089302050e-02,2.810526041758106778e-03,2.716996258972985412e-02
3.172444306732120634e-01,7.406421442753480244e-02,8.641584620150582693e-03,4.230272408017674013e-01,4.476690965122363114e-02,3.564553900226061917e-02,7.784876086600650558e-02,1.687318564695439865e-03,1.524499554479123763e-03,1.554950183867003649e-02
1.245358377944558864e-02,1.051913391434001893e-01,8.073550052658419185e-01,7.068510452340939082e-03,4.921590565343821229e-03,4.934886903406247166e-02,4.682323877887279752e-03,3.372460793978417927e-04,3.021392366732384826e-03,5.620139435546915932e-03
4.121172556351763716e-01,1.804533341198793356e-02,2.338520965391949549e-02,1.302239155503564783e-01,9.371902475701970880e-02,9.778905708413253295e-02,5.426505951800447702e-02,1.437440921616723322e-01,2.534942952589540333e-03,2.417610927514175431e-02
7.070372186250899471e-01,1.146659603372959801e-02,2.616394363782977451e-03,1.989243119053842393e-02,2.559546403533631553e-02,1.187137211621003968e-01,3.954453007808724635e-02,6.603317396698582531e-02,1.084076308298352566e-03,8.016394236050482583e-03
4.205420618443777014e-01,2.758596017519290497e-02,2.548465985671272832e-02,5.358923507174374185e-02,7.649680913038671426e-02,2.679148702905599921e-01,3.469236691440877318e-02,1.960551339327415085e-02,6.332087724878238295e-03,6.775643559846553088e-02
8.154261683161920238e-02,4.250177655996972836e-01,4.002090103311565783e-01,7.466179213997689232e-03,2.558642143333960187e-02,2.521510282468621827e-02,1.978285081498049394e-02,2.872928721871098774e-03,8.604886214505278949e-03,3.702238014146425407e-03
8.509128954884304097e-01,2.143863414349014493e-02,2.612490182332981477e-03,7.769643497170476351e-04,5.163531350488729382e-02,4.228218502671662708e-03,2.753663860210154440e-02,2.634904929445868599e-02,1.711883579213150730e-03,1.279791235269730522e-02
9.400565322096983145e-01,1.121000605879608411e-02,6.309259142709195377e-03,4.060447919175811434e-04,1.618744123330525739e-02,9.806670242538623270e-04,1.876062076268583331e-02,3.405898885694603681e-03,6.518033948957178579e-04,2.031726496043680281e-03
8.171500526645046891e-01,6.569795138126664769e-02,3.456999161311856005e-04,6.933064137118923054e-03,5.551954942523910225e-02,7.168874539536464544e-03,3.566155669721170207e-02,1.722194474629956890e-03,5.688184242743402411e-03,4.112872521617197408e-03
8.765378224794275752e-01,2.403373611191804426e-02,3.762669464518794693e-03,1.078045051335591378e-02,9.070640503018787687e-03,6.370549127393993448e-03,1.904644481318564994e-02,3.177871618817733335e-02,2.570975402922362658e-04,1.836187325871137949e-02
1.309143375740814685e-01,2.090870284399491338e-02,1.512721740172699031e-02,1.360421343072255526e-02,1.549924260018234190e-01,5.342492138613282870e-01,2.940240828791569616e-02,4.378541394774072143e-02,4.887901893049672458e-02,8.137047720169215612e-03
4.411624863739728175e-01,7.128327312009700989e-02,5.823790751464252846e-02,1.886703458745925266e-01,2.661797880138856709e-02,9.212469483412204230e-02,3.209535763921090440e-02,5.335184875181655378e-02,1.484636156303861896e-03,3.497147093385310351e-02
2.129582937664305231e-01,6.043197287351976810e-01,1.537598727841172318e-02,1.677965012977161025e-02,4.617692175593816895e-02,8.718876253160751447e-03,7.784403462994576861e-02,2.975042722066589471e-03,1.178556136549807620e-02,3.065903363579031930e-03
2.649781896250619773e-01,4.207622417383564961e-02,9.401300023714941057e-02,1.596405710166846209e-02,1.976237917910743935e-01,6.275812613225263681e-02,5.493884188597029927e-02,1.365358729707126795e-01,7.917049728253264251e-02,5.194139879974203622e-02
8.172014083247585159e-01,7.323689213500414463e-02,1.593936081553183918e-03,5.693612716807560162e-03,3.342683900963880350e-02,5.766085494058551669e-03,3.477977964889559376e-02,1.124597236028660775e-02,1.972731372801164642e-03,1.508274285619542326e-02
1.410325103337911890e-01,3.498911401752486522e-02,5.183350402585012832e-03,3.826313190755366023e-01,6.780626681617991924e-02,9.923685545292666721e-02,1.595326493032268311e-01,5.104748086380304223e-02,4.286992486964588331e-03,5.425346124746132509e-02
3.392847137648470346e-01,1.639123962092859862e-02,7.790097872542116851e-03,4.119533099842677404e-02,1.643006464141695822e-01,1.725090612696885684e-01,4.259198028203015074e-02,6.435558142747810351e-02,3.117206341112730220e-02,1.204092849387617403e-01
8.456237568145965611e-01,4.131134984410655964e-02,9.125172035820758440e-04,5.679567834615616151e-03,2.431958759653890176e-02,1.383849497464471022e-02,3.602698362229728168e-02,2.198018027330814542e-02,8.670464745519200099e-04,9.440515361758494706e-03
1.061178857194129410e-01,3.545857178419543621e-01,1.911807499488608550e-02,4.059245157690096195e-01,1.916759128326125244e-02,4.587689036504096624e-02,3.502399915040821377e-02,2.981864176186133693e-03,6.361013180178331020e-03,4.842447519662750922e-03
8.651335556130846927e-01,9.260716143191495553e-02,3.121050687888410943e-03,2.380507568833572282e-03,1.183710146893202433e-02,2.056726394709345544e-03,7.268119779378599821e-03,9.990416166911403328e-03,3.204453326722574678e-03,2.400907561624473358e-03
6.938014554691647184e-01,9.040809204582124156e-03,3.360839666946236967e-03,3.777476464680111327e-03,3.717262544031157967e-02,2.521818107076175333e-02,2.760095484367167118e-02,1.932817694251061924e-01,2.906505270399316852e-03,3.839383144376053245e-03
9.523941609928308072e-01,1.072563281669245208e-02,4.840458934394025435e-04,9.307589225274000202e-04,8.674539116729728522e-03,1.052689622658903919e-03,1.982818755073857686e-02,6.327160577620161630e-04,4.739784588939324099e-04,4.803290567726878520e-03
1.848781944796031584e-01,4.569554735385696342e-01,1.611570047015174756e-02,1.240373665869187875e-01,8.081951471314868796e-02,4.661442858401493999e-02,5.703529495801237803e-02,5.401566106335897559e-03,4.299171358940524941e-03,2.384328920430416401e-02
7.675391706111890366e-01,3.803963243295649388e-02,7.248947382657152869e-03,6.322900589355358314e-02,2.221019565385938879e-02,2.367825720853445476e-02,1.369809826167453157e-02,3.654974760092079278e-02,1.626381902563542228e-03,2.618056305209111312e-02
2.878900325845084041e-01,2.106311724205222891e-01,2.329527137853277252e-01,4.008326695798501010e-02,2.920836423010979635e-02,8.447927936801426230e-02,3.085112147528493859e-02,2.578909081669839704e-02,4.226743229031980353e-02,1.584752607122993234e-02
4.695313892786619897e-02,7.617394892291473596e-01,8.887542998000771965e-02,8.284078481909991354e-03,1.032513500382268266e-02,3.724966348133088717e-02,1.678332252331353469e-02,3.380310638749665225e-03,2.119198836039558331e-02,5.217443373456602008e-03
9.127310898522131843e-01,2.250188158838484220e-02,6.321517596553701424e-04,3.164225558478375635e-03,1.371142309750863347e-02,7.283895327351753643e-03,1.169858362117630682e-02,2.222997909024770208e-02,1.441925210921657244e-03,4.604844894062541313e-03
6.335648325331245667e-01,2.571747047689708354e-02,3.191219733591250593e-03,5.919962962945122913e-03,2.039504745709715475e-02,1.337813573221551672e-02,3.265271248418442213e-02,2.187697634378094336e-01,8.237226545162611505e-03,3.817362863697237180e-02
9.690125935369090504e-01,1.414177044815390430e-02,9.103086519448964778e-04,4.764345754181297291e-04,3.851228566859717529e-03,3.551570303213975616e-03,3.870801092169643982e-03,2.220148044421231797e-03,4.666463036971468348e-04,1.498498477212379656e-03
3.986418721666973308e-01,2.190393718545477833e-02,7.181486415924149234e-03,1.597158801330075262e-01,8.311876888144639763e-02,2.341935542733717887e-02,1.266171980326868118e-01,9.838940052318570495e-02,9.129516861018708435e-03,7.188258437324150651e-02
7.334902457766594441e-01,3.259159453077628554e-02,2.807330106669877687e-02,2.430576331087642809e-03,1.279853251191411245e-01,4.142253870946288434e-03,3.576769468950707909e-02,1.497530652416639851e-02,3.621279802229599408e-03,1.692242228878741359e-02
8.970443734005291159e-01,2.336744926482316881e-02,1.857691752938175900e-02,3.050660295919741579e-03,2.013956432981768574e-02,3.626269345452450606e-03,2.367100046267802543e-02,2.533206855736145225e-03,9.006601811787392879e-04,7.089898334483256057e-03
9.576993011206290651e-01,1.017434090113666402e-02,1.378540685230453689e-03,6.947593158915914020e-04,1.486768647140958993e-02,2.339548042912657690e-03,9.763111016394045508e-03,1.350819414289540022e-03,4.258163759785231397e-04,1.306076656128225301e-03
6.507871218387689671e-01,4.619774232609494963e-02,1.884740000954315819e-01,3.129617220533858872e-03,3.066868337783412377e-02,1.230402166777252657e-02,2.303162798940168454e-02,2.586837102152772169e-02,2.799410344171486889e-03,1.673940411846280493e-02
6.810885061799267781e-01,3.258510850786370400e-02,2.839341957525571419e-03,2.858850512566155338e-03,2.659357767035869236e-02,1.169436816685430307e-02,2.287469124338457546e-02,2.117215555693859330e-01,3.634720667368520936e-04,7.380528125397326986e-03
9.394470536690493478e-01,3.767664229473388637e-02,1.944783395045445308e-04,1.022083863965389267e-03,6.734782268124457454e-03,2.027811207651903508e-03,8.945219923951643407e-03,8.200247558077610301e-04,6.930024868435658578e-04,2.438901190367319827e-03
1.048493224045082689e-01,5.888643720995904163e-01,3.252898274572438991e-02,1.296580698239572227e-01,2.608290026467986050e-02,2.080710835376974391e-02,1.746702913392686810e-02,2.730168894242204856e-03,5.100906239734902606e-03,7.191114003986649739e-02
9.256313237628502888e-01,1.879442064069735199e-02,7.522700286102823077e-04,2.701516875695912211e-03,1.785258286826665527e-02,3.115656232037501260e-03,2.188172683981124897e-02,3.567778043665338888e-03,5.501315983761898877e-04,5.152593109989113754e-03
5.872609069207306715e-02,2.823634887523124998e-02,7.270139649592002318e-01,4.164422751436447009e-03,9.071207355513605242e-02,2.466864147164731999e-02,4.531693664044841863e-02,7.423974298686172868e-03,6.741328089015770006e-03,6.996218667125204266e-03
2.651262036187442828e-01,1.094203253184023034e-01,2.484836433594929742e-02,6.567037360344463170e-02,2.031329107303912473e-01,7.691395766992260852e-02,9.673354682823480377e-02,7.249745542232452662e-03,1.216266097732555534e-01,2.927796257942305233e-02
6.838642068319360501e-01,2.057611721623569395e-02,1.348178010314424018e-02,9.199378755147990389e-03,5.213886401257309539e-02,3.048216738894615752e-02,3.818338839251097377e-02,7.425428008311164840e-02,5.364213260677871270e-03,7.245560395571636059e-02
9.557452816117940619e-01,1.572053989203093041e-02,1.325885025454425197e-03,3.196675319377611981e-03,5.185727231673068968e-03,6.556409283139536144e-03,7.986604829513153925e-03,1.713761515397478662e-03,1.919531665898759781e-04,2.377162125029512289e-03
6.145209598855157912e-02,1.822653827744786514e-01,4.496807796157611392e-01,9.096404025738358268e-02,6.997945385595330178e-03,7.872737330136340972e-02,2.273626017174005740e-02,3.335324457184962385e-03,9.476191633066312348e-02,9.078881717277397650e-03
4.222597075138770917e-01,5.217507278557681483e-01,2.947760755648223471e-03,1.642400813462233100e-02,7.019347075593815495e-03,4.236803576835670299e-03,1.799990375882931648e-02,1.580296888738260633e-03,4.070798958151774323e-04,5.374364544271618624e-03
8.292768418156226673e-02,1.556554076700112331e-02,1.132127902161440651e-02,2.664541372918718953e-02,6.619838302509847283e-01,8.592303547361618277e-02,6.273353809107087842e-02,7.640317825554833464e-03,3.859091214861556929e-02,6.668448510792770491e-03
6.982660172287761258e-01,1.303752523882029460e-02,2.151950176547443895e-03,2.046173166523620936e-03,3.911347421311574951e-02,9.515691799861071207e-03,5.468720737292439432e-02,1.672311188053225983e-01,1.913898675897568848e-03,1.203694332221145330e-02
9.174933271080242259e-01,4.310136621877984006e-03,8.358853840243409428e-04,5.147588593495462661e-03,1.693142724074561331e-02,1.519013894811941170e-02,8.623593718003667516e-03,1.940970259926544025e-02,1.008734827671879880e-03,1.104946495877201333e-02
1.966333886264262920e-01,7.989024152238353993e-02,2.559522910140113114e-02,2.452681041574114248e-02,2.312365559050829078e-01,1.321130286752834060e-01,8.748093051839977985e-02,3.715966554411071626e-02,1.164620174678818038e-01,6.890213222328959997e-02
7.800461164217019627e-01,1.033526838897765726e-01,1.100955790878502955e-02,3.747838159909611458e-03,4.973815142814293211e-02,9.418241907325212298e-03,3.200793970513088338e-02,1.039855237507298020e-03,1.859294791234707362e-03,7.780320550485427498e-03
1.112710580775545660e-01,4.650829354628809725e-02,7.466107886751921496e-03,6.213534328342107393e-01,5.234924600272646694e-02,9.677996077666677077e-02,2.887947062718261917e-02,1.887302210683165782e-02,2.347303792182691643e-03,1.417210434960488458e-02
9.742073409260162964e-02,2.320534513787507469e-02,3.735111987755072860e-02,1.118208598486732964e-02,1.484627561815505398e-02,7.401976519781195973e-01,2.911282763258586301e-02,2.527171169782583323e-03,4.170701463517897944e-02,2.449773873282983828e-03
8.962479247346800959e-02,2.645813481219593324e-02,7.854330778489410081e-01,1.581354596317309166e-02,2.278772597020009907e-02,3.201352782726332724e-02,7.163073529372037361e-03,9.193429066572686523e-04,1.821734307304962580e-02,1.569435595679486957e-03
2.514328544885893746e-01,1.327710333072774571e-02,4.467726627070132683e-01,2.001946543718133992e-02,5.094031587129146249e-02,1.171357148763059186e-01,3.139662048995963545e-02,1.479410112343390420e-02,3.052315566472947952e-02,2.370800601076788333e-02
7.417188878102696226e-01,1.919188352431192013e-02,3.217976187840023480e-03,2.435371836620788336e-02,2.139814964566151209e-02,1.805151028462870580e-02,3.173845901017390003e-02,9.770861967788284363e-02,1.442622784722451907e-03,4.117817270830113202e-02
8.177036312541982044e-01,1.194395480018248801e-01,7.805943290534360975e-04,8.073973706888460874e-03,1.245152095172631125e-02,3.435193065253760308e-03,1.836952340820633203e-02,7.824201551762726900e-03,9.470513446350156336e-03,2.451300284736123141e-03
6.080609836880572772e-01,1.115127222954485631e-01,6.516388925287702923e-03,1.715213091332453560e-02,4.543237017384293280e-02,1.063038080849676263e-02,5.343795446305783098e-02,1.050825547359906104e-01,3.320262354886042468e-03,3.885425164160759282e-02
5.471993182175429737e-01,1.333696582865534774e-01,5.097678406942059495e-03,2.938109360874041273e-02,1.006718393752665808e-01,1.707265193902211819e-02,1.222700544200914785e-01,2.274990345832522340e-02,6.805343538879434287e-03,1.538245874863628480e-02
8.937706239571988620e-01,1.738010991279159353e-02,6.461072512079979110e-04,1.835138047376633913e-03,1.666926752068334863e-02,4.441215353115341748e-03,1.559877559868083803e-02,4.687418534694454825e-02,2.860823397723574421e-04,2.498494672228783898e-03
3.541196754728326845e-01,4.737752272838972878e-02,4.384197794765135742e-02,4.926473803144949815e-02,5.664583440115298490e-02,1.896568934552047003e-01,9.246695700901454151e-02,1.231934670242048301e-02,2.385381044513257623e-02,1.304532438067511901e-01
8.081635115527593394e-01,2.731417060029765406e-02,2.100856604629297054e-03,9.166523052171214386e-04,1.666792946992541949e-02,2.077783216838119656e-03,2.932145273559281021e-02,1.052088927064782214e-01,2.973858226001745760e-03,5.254892582260547659e-03
5.356546135047893786e-01,1.987428334451762091e-01,4.141521612262057464e-03,3.285525558904614507e-02,2.780237258572624409e-02,4.380529387667669861e-03,8.686170620099925577e-02,9.675768515124849589e-02,5.544311358442959893e-03,7.259171164641258986e-03
7.281113667739627093e-01,2.940079953315612171e-02,1.848939368258675905e-03,4.724933289225723143e-02,9.147728050156132829e-02,5.254475336805512070e-02,2.768383487420227745e-02,1.449687297389982109e-02,2.422422091498781672e-03,4.764397623148175498e-03
1.308697935589966665e-01,1.308913097144702442e-01,1.234039885735594422e-01,2.413881783101702247e-02,2.515907385047350120e-01,4.410566970965351663e-02,2.687528426617801641e-02,2.043416199392607616e-03,2.597262680418660485e-01,6.354713600131112888e-03
7.691734531295244537e-01,1.721003769832318286e-01,1.767120985082367216e-02,1.561701817161698091e-03,1.595388900866734350e-02,1.872237117511226998e-03,7.178835317388018375e-03,4.494030831853018312e-03,7.769810220524888972e-04,9.217284921786070284e-03
3.907964795469004993e-01,5.800456375767616413e-01,4.416997249444131780e-03,5.881419709184680308e-03,3.541562602283292952e-03,1.193148054077891465e-03,1.064633956651082729e-02,9.172315584682169979e-04,1.518350643696799113e-03,1.042833492672166256e-03
5.539245935553205324e-01,9.073959800299329775e-03,5.226025843895585818e-03,4.727927448181109410e-02,6.584088781984710759e-02,5.125483213098401547e-02,5.514326647691826511e-02,1.721578885318199859e-01,2.581258754758867374e-02,1.428668381151514295e-02
1.012915314540561579e-01,8.807161668290902634e-01,5.663128350530131742e-03,4.720031473198950042e-03,3.102714643885194634e-03,4.257717318283527194e-04,2.584016479662776256e-03,5.956478011416714872e-04,3.739284393130709898e-04,5.270627972935388239e-04
1.597731045398297356e-01,2.783902568009716250e-01,3.126915515606886603e-02,1.856984636405008271e-01,1.582453910385814566e-01,7.851277828545109860e-02,5.954639522433279736e-02,1.121017383666601461e-02,1.018831905268036825e-02,2.716596242491683966e-02
9.148607006867269520e-02,8.368158506977653455e-02,3.991349506723474577e-02,2.894426993151772987e-01,6.471645848996476769e-02,2.261976631874660360e-01,6.608849695768062582e-02,8.824879355902582462e-03,1.117689054965918666e-01,1.787974699153276059e-02
9.376864916205766010e-01,2.186685433625438005e-02,4.986093428245379731e-03,6.305036050365912803e-03,8.343398918124933852e-03,3.538099531594841776e-03,5.564659365294511231e-03,3.243053667478461039e-03,6.033825754507173142e-04,7.862930506614919032e-03
2.010500710659122170e-01,3.762271954714636185e-02,4.575158176857366948e-02,1.843451841871907027e-02,1.047704629420829342e-01,1.845677292132921476e-01,1.262190522746519106e-01,1.397765156241565221e-01,1.180970038643335517e-02,1.299976487590317753e-01
5.513112867777252291e-01,8.229728581222849060e-02,3.031336681957898498e-03,1.399992349004309557e-02,1.494179811975314132e-01,5.881582019038907039e-02,7.188896288956254932e-02,4.975561702030816685e-02,9.807524404333134438e-03,9.674261535921171995e-03
4.842110549726192370e-01,4.943409214991455886e-02,6.079918694744941392e-03,4.454720092470454418e-02,6.707516401427447705e-02,5.098877937263184695e-02,8.173222617919338739e-02,1.921210828068744547e-01,5.901468450446335605e-03,1.790901243459622552e-02
8.004650880670397539e-01,1.977696313409989942e-02,2.231012717240480649e-03,1.854617337839315969e-02,5.576039755338545179e-02,3.252006485072668485e-02,3.019326494515091677e-02,1.362231293549082817e-02,8.539527439165941342e-03,1.834519497930756082e-02
