1.822244126954723209e-01,1.262251007478626397e-01,3.920480751675498587e-01,2.483593362618558009e-02,3.769799414682571681e-02,8.866172081804978011e-02,8.980173979650100946e-02,2.241714611408179847e-03,3.634726323616034593e-02,1.991604515398505762e-02
1.166996166306551175e-01,7.618561564626059879e-02,2.729157034741424015e-01,4.666939749462183790e-02,4.919887923310252431e-02,8.772344919152470777e-02,4.602384062116865460e-02,1.639934350917510511e-02,2.704915088715469929e-01,1.769264532780187929e-02
7.086477205445879113e-01,1.733381274279769541e-02,2.649137611481805921e-03,4.420094306377999639e-03,4.102197916890819307e-02,1.566956620637004888e-02,3.607076803912186852e-02,1.555058149184001259e-01,1.363028737465402833e-03,1.731807772448912958e-02
8.914366451690096671e-01,5.882021528090141532e-02,1.893949521461665755e-03,1.676377341500456548e-03,1.551656158222133007e-02,1.816415487908781779e-03,1.506444242842638545e-02,6.530211498820182384e-03,2.989117427597154527e-04,6.946269946989827408e-03
8.359847057083513722e-01,2.639707219990850007e-02,1.739750162081857244e-03,5.419347686157904506e-03,1.346155486582724554e-02,6.594916364796019059e-02,1.207138741525022770e-02,1.904675723856537675e-02,1.440118341378887178e-03,1.849014273451889123e-02
1.980981625534934676e-01,7.686831355964412332e-04,1.272587250061652311e-03,4.007115283092359780e-03,5.226607523192641075e-02,2.453975849245862775e-02,1.928085201106058758e-02,6.931945136926027651e-01,2.706451905560241611e-04,6.301607159151798379e-03
1.698691163469948084e-01,9.739504132737442088e-02,4.303004629219325805e-02,4.878982078724942301e-02,1.131516273214863699e-01,1.215405244743174851e-01,1.076990624147021597e-01,1.330754391192126053e-02,2.642471394109500715e-01,2.097007771281099095e-02
6.364594759698005699e-01,2.116254249903490314e-02,2.629261906395527135e-03,6.970634101258480625e-03,1.847975713156853605e-01,6.263572156481248335e-03,6.589300438810229144e-02,6.100201865691460418e-02,1.900058636685119382e-03,1.292186036964207592e-02
9.020078604371015718e-01,3.775343140282289706e-03,1.103671152936804793e-03,1.791933585499097667e-03,1.945858526292868970e-02,9.708856016847858261e-03,1.624720754965877298e-02,3.841939788903144665e-02,9.955378515012550372e-04,6.491607114212938519e-03
3.891341260679625491e-01,5.198862459995354790e-01,1.378477589985204442e-02,1.424870665985516864e-02,7.012844551860163318e-03,1.708851026758327965e-02,7.768849415996363639e-03,7.559252272273655690e-03,2.054215135736639150e-02,2.974537507715465778e-03
7.773703915947960397e-01,3.455733655496256301e-02,1.901871336172387093e-03,2.790220485461650420e-03,5.212945265420873553e-02,1.405041501452020634e-02,6.389528845457993766e-02,3.796470012897586177e-02,1.000311531599378054e-03,1.434001224472366241e-02
2.947715619321928937e-01,2.442157555313602055e-02,1.987767397683962156e-02,5.954306060538267636e-02,2.273162970062707344e-01,1.858588956896324237e-02,1.048378246304009775e-01,6.855915913983530452e-02,6.951206140023004180e-03,1.751357514469555343e-01
7.780637987773764142e-01,1.272011809935085780e-01,1.781198580585450705e-02,4.701628260382935062e-03,6.646604720124224541e-03,1.123222272682639945e-02,1.960613221520700680e-02,7.128551681658300450e-03,1.408999536471857361e-03,2.619889528259042311e-02
4.110306833075746957e-01,6.976900526811029291e-02,7.123634977258748967e-03,1.056011117799012106e-01,1.738392544617441138e-01,5.999781258820886115e-02,2.718399871961569084e-02,6.062756242174616172e-02,5.186031600051287105e-02,3.296662047532672446e-02
2.960044231086984001e-01,2.674146563574535118e-02,2.663175757512716013e-03,4.686613527445864236e-01,1.064093107713739439e-01,2.068159344660251697e-02,4.555221580218971056e-02,2.223217673881008535e-02,1.609780955999901529e-03,9.444505038480962081e-03
5.316423107143755100e-01,2.810833023567964675e-02,4.628430801164297448e-03,9.300952729659550666e-02,4.441828859948996483e-02,1.365723477693478634e-02,4.363978159347096930e-02,2.099611825107436935e-01,2.472089207668641628e-03,2.846282426387740372e-02
2.462307353934286847e-01,1.903261867973666532e-01,2.982456974326928578e-01,4.000482157299981717e-02,7.116795162970386557e-02,5.105691443504826316e-02,2.216457779276816836e-02,6.279589120371965351e-03,5.276395864526724211e-02,2.175956718035265344e-02
9.294285152355801216e-01,5.410419997765504585e-02,1.480927859058737712e-03,2.614068644007458571e-04,4.731567204706328168e-03,5.868631744498187079e-04,5.417380568554584774e-03,1.413395890211786897e-03,4.211819599900288409e-04,2.154561265392615586e-03
1.275140464922087102e-01,1.457643415334696629e-02,3.205743856776476775e-01,2.241629761497948570e-02,3.715143916532583773e-02,3.783820004489186761e-01,1.648974176936687450e-02,1.692268730071833094e-02,4.683023755307392372e-02,1.914272982441336465e-02
2.664452917538077670e-01,6.730241750646802634e-01,2.101820463356968149e-03,5.026601422214985529e-03,8.766270996166614093e-03,7.265381651711888891e-03,1.816106617890416233e-02,1.008064144389545381e-03,1.472259367933946919e-02,3.478734645427911023e-03
2.782098781470479509e-01,6.373149289320922950e-01,5.999298819796509974e-02,3.261161398776130874e-03,1.388035067258709373e-03,9.148482038507446679e-04,1.230442828431931035e-02,1.187533194260199237e-03,2.363012382795355148e-03,3.063186191634193617e-03
6.000863782472468655e-01,1.569132950537403121e-02,2.213859075060665982e-02,1.974923578754219158e-02,5.221700664023976729e-02,8.565384612945518839e-02,6.725589661717194800e-02,7.494751085010210867e-02,1.216878637924881726e-02,5.009141909301251944e-02
7.845445723731427901e-01,2.223626379348645279e-02,9.927201407729003418e-03,6.260541944018167826e-02,6.299195853998074135e-02,7.779363712611670270e-03,1.278510773089840992e-02,1.759086391213174685e-02,1.281762425632554901e-03,1.825748666420462171e-02
3.619989747823570969e-01,1.456408939391660162e-01,3.032395892341173405e-02,1.731454548549618833e-01,1.253187369316753619e-02,4.496475820216287028e-02,6.785717420941879408e-02,1.132975519867834291e-01,3.804019968388977577e-03,4.643533944018137655e-02
6.699759179045116086e-01,1.467574018083898646e-01,9.107763015668587925e-02,1.313991779010750122e-02,9.918117203407926519e-03,1.157797010129463580e-02,2.032216808406287975e-02,2.763131704423737664e-02,1.111461051224369150e-03,8.488098856077472276e-03
1.533714158626179880e-01,1.273536947147757004e-01,1.504894457772424851e-02,5.438242401556221406e-01,3.833273375495892255e-02,4.493542192627362347e-02,4.458001665100377181e-02,5.019998238888750269e-03,3.921224387087984126e-03,2.361230973104732137e-02
2.797268628020127892e-02,8.726436961674477466e-02,7.408581646952300259e-01,3.226699208258107521e-02,7.204835707938108021e-03,7.495506436655625937e-02,1.202804995205678310e-02,6.766463693289065818e-04,1.312954751496302891e-02,3.643643414399669322e-03
1.533133876872622703e-01,2.172172857066975542e-03,1.139678563221474192e-02,5.698800133168635366e-03,7.368528591598491606e-02,1.915736436679981239e-02,1.811545442431064870e-02,6.877429893073468969e-01,1.434174144569174032e-02,1.437601823015309359e-02
3.825110529521057456e-01,4.942139372515900846e-03,4.428708419931874814e-03,1.461685729999839638e-02,9.034546803013468463e-02,8.240673778743656808e-02,4.666440681203461865e-02,3.019614112891336744e-01,5.244320416880776659e-02,1.968001386790124360e-02
8.034014373481112026e-01,2.245138251932866924e-02,7.609857545042060349e-03,7.097696605545125020e-03,4.991892548483705533e-02,2.218988994190686584e-02,4.058140694938393994e-02,4.084047573657407365e-02,8.169133469701316116e-04,5.092014522300544570e-03
2.593365395574311894e-01,1.253021879929186455e-01,1.003268421403133263e-02,4.501071318900885521e-01,1.309193086115847428e-02,6.013487182790878266e-02,2.325428770420568184e-02,1.273258644558401299e-02,2.471327051569825826e-03,4.353645245510329165e-02
9.390186338768501395e-01,1.851370407015028724e-02,2.540109290760417509e-03,1.263369841359833013e-03,2.069243822617448936e-02,1.411544596594009908e-03,9.690461027005268721e-03,2.500726083762204628e-03,1.363321859789056649e-04,4.232680801364574474e-03
5.164461945828685563e-01,8.946276466827361717e-02,1.083316285953499561e-02,2.184219826190756872e-02,1.501581620769452084e-02,3.395003094644264557e-02,6.116738337322921715e-02,1.903995899572394623e-01,2.875435843137235346e-03,5.800742329967194244e-02
2.601404616868978614e-01,1.982048069350422423e-02,1.079922930045159636e-02,1.595310836974812851e-02,2.051806346082126198e-01,1.268241903185467478e-01,5.958007942352215591e-02,1.297091877099956769e-01,1.014588321768652296e-01,7.053379571225576461e-02
7.718850077272053356e-02,2.112203979570806411e-02,4.006509489076906690e-03,6.901186216541169705e-01,3.084075587940346072e-02,7.005999548798007293e-02,5.732782826140114807e-02,1.060628734982232806e-02,4.544662156860975258e-03,3.418479915290952020e-02
5.187366238540378482e-01,7.304744750437804079e-02,5.386755494522207227e-02,1.039840559162761163e-01,2.384183773436790096e-02,9.235821006115665921e-02,3.566154852199957676e-02,5.328152839190498230e-02,1.562603173269664107e-03,4.365858989738760632e-02
9.577724980535345933e-01,8.174555929230600468e-03,8.664730589313128289e-04,2.834155945655436864e-03,8.254575051624765333e-03,5.136608682811969265e-03,8.057270695170830679e-03,5.963081929909069302e-03,1.629660844861001749e-04,2.777814568645832656e-03
9.087763936107295937e-01,1.021896445664474684e-02,1.183547874018769106e-03,1.680777150387847627e-03,3.459971635905899345e-02,4.658355168966440106e-03,2.300417835728801180e-02,1.174720596282033576e-02,6.452477084874372803e-04,3.485613351597712135e-03
9.139306179734343338e-01,2.731663794245767565e-02,2.063513013427902779e-03,1.207984622983547009e-02,1.459509373767046980e-02,4.229166499856510698e-03,5.412255729914385374e-03,1.300835161017190565e-02,3.399952442898965255e-04,7.024522018941020685e-03
3.281439257439723867e-01,3.845608798072601142e-01,1.142793986496433781e-02,1.147373618994106670e-01,5.481329624715701454e-02,3.772411536407489080e-02,3.847500241447397717e-02,1.034789977284141481e-02,8.293584787010779141e-03,1.147599409883444214e-02
5.683514092384606142e-01,2.407915689740157753e-02,2.642439174759213510e-03,1.360792076840917561e-02,8.256911274279987722e-02,4.566581256090671698e-02,6.692387423891282827e-02,5.041214411177150079e-02,3.930614780300632945e-03,1.418175154862783838e-01
4.441723527508899538e-01,5.122527909186896933e-01,4.435372881612789642e-03,6.813963265480923841e-03,9.453983118361037122e-03,2.118392009411416716e-03,8.974659142656122440e-03,2.251786029194523947e-03,4.067915589734576350e-03,5.458784293969027451e-03
3.533717914845598274e-01,1.515449497003603860e-02,1.172920228506236368e-01,1.580420099926685071e-02,8.252636103654895083e-02,1.783659984523995323e-01,5.158033182774057063e-02,1.221228341618110641e-01,1.713756096346591776e-02,4.664440325354793360e-02
4.437810239986348937e-01,9.006445514183791801e-02,5.079064693433318206e-02,3.718912429424871269e-02,5.076922259066991155e-02,7.467279997296216720e-02,3.763467002730772060e-02,1.743270133229486707e-01,1.706987908636270479e-02,2.370116463069443444e-02
6.846973723620980445e-01,9.935904014184689104e-02,1.987974311512052256e-02,6.151690672814327798e-02,1.193782901375238167e-02,3.204202106123443111e-02,2.880624160621644142e-02,3.164289015200090482e-02,5.332663155923600927e-03,2.478529266366334000e-02
1.459726390885117964e-01,8.316975631676860603e-01,6.099628855039701536e-03,1.923620757323759711e-03,7.735837984057760373e-03,6.907770152795306281e-04,4.286445757129442313e-03,2.768008753356841507e-04,4.304869145280758248e-04,8.861995851086849766e-04
3.436121961838502492e-01,5.965655253670182345e-01,2.758653828896527171e-03,3.264115839987306172e-02,9.796580777493303291e-03,3.966237619453001975e-03,6.329596063671516677e-03,5.010665658635555467e-04,2.873122061515896632e-03,9.558631323647076745e-04
7.455996004290487145e-01,1.578795963665314828e-01,5.391903443223293978e-03,1.268153034596066452e-02,2.668791168669933447e-02,1.595194011985339583e-02,2.319265217975804635e-02,7.721734692682594506e-03,5.509238292421559909e-04,4.342206906999854926e-03
4.080338258255264972e-01,5.935287598994985758e-02,8.369489787210152021e-03,1.741447483265423923e-01,4.577435978968060620e-02,5.974178970746069073e-02,3.939958435445049117e-02,1.874644018224675412e-01,1.739060203990168679e-03,1.597986419272147060e-02
5.030729528752728719e-01,1.466461014092540205e-01,3.517664747549070596e-03,7.710828167847463832e-02,2.661044028208780360e-02,1.253254207360509631e-01,6.311372842633146407e-02,3.604817002476986415e-02,6.146474700986470120e-03,1.241076511922298460e-02
1.726282005166024924e-01,7.876441387802526339e-01,1.460489804316609554e-02,7.031691398865915626e-03,2.287818979184211201e-03,9.538762419824702021e-03,3.201868739362342259e-03,5.691956472577260957e-05,2.502417597181686749e-03,5.032839608338110461e-04
1.259604388241060413e-01,3.142668839036713568e-02,5.932130045799400841e-01,2.729440663109369142e-02,9.535314376524912927e-02,8.257195590811251817e-02,2.300876158325445078e-02,6.164257199410645358e-03,1.013668650981593491e-02,4.870656608650447000e-03
3.037900190380572463e-01,1.483500761540766655e-01,1.961954725641768330e-02,2.073797965191164772e-01,6.512639696491057117e-02,9.839045763314391291e-02,1.157513899302316102e-01,1.195696645308034003e-02,8.800508953867448858e-03,2.083484109709787119e-02
7.018435896351802317e-01,1.734745314640718378e-02,5.143508006751834963e-04,9.828924461862030559e-03,2.978826841847902543e-02,1.822966642033046689e-02,3.345830359709793533e-02,1.642380608235076700e-01,1.180211754807585162e-03,2.357117094165204346e-02
3.201625758116118971e-03,5.956311288993482514e-03,9.644716047449858332e-01,6.202977758844489342e-04,1.481509750965778922e-03,6.925222838328502079e-03,1.501227819675061926e-03,2.896974711447392720e-04,1.537459529937080203e-02,1.779072525345658121e-04
5.787827580918709219e-02,4.155033521518157469e-02,6.703065432292913961e-01,2.330730408961931982e-02,4.408029858199159073e-02,2.803570126636906884e-02,1.969783990534054730e-02,3.179094489284324792e-03,9.653706270640954878e-02,1.542754470732498467e-02
1.126321751650701669e-01,1.024038042091135053e-01,6.155189692562117176e-02,6.066143919683365804e-02,9.420208935476584444e-02,1.244209471104658488e-01,5.082306046433684998e-02,3.086240165476510436e-02,2.807265189383449377e-01,8.171566698068273571e-02
9.202005109444577613e-01,2.673072508448733758e-02,2.730525879788079334e-03,8.600880284723646119e-04,2.300948511572321886e-02,1.258483277314655742e-03,1.031232821239288534e-02,8.271178334360043682e-03,5.086556940481005680e-04,6.118019428955690994e-03
1.636528945050076331e-02,1.316598963667878902e-02,8.174687198282006850e-01,3.940326709642671954e-03,1.070353324439066514e-02,1.075060133528886602e-01,3.090097148123678670e-03,3.923370768877834473e-04,2.625007111784621178e-02,1.117622434839990160e-03
6.322254832059053253e-01,1.202281940535252364e-01,1.416811975636424192e-02,1.067239358017923329e-02,2.527538007271349502e-02,7.574254458093121478e-02,6.733288061897844956e-02,3.824632532591913658e-02,2.335917168843902256e-03,1.377276163664010143e-02
6.416310232015667303e-01,2.412885309658820143e-02,2.505035467527568817e-03,9.458409117289579005e-02,5.697570239850333063e-02,4.950430360776578859e-02,6.620466353297281559e-02,3.056605383201965731e-02,3.264199164136936861e-03,3.063607452602318953e-02
8.091699623512044193e-01,6.527816301256195164e-02,1.390093156311000659e-02,1.535475639304808258e-02,2.585574378391991557e-02,3.258652091948731344e-02,1.587642132049504537e-02,4.971921058246003312e-03,3.216840421216630476e-03,1.378873917671126492e-02
2.105355870845362909e-01,1.030325163671557270e-01,1.842340407784224740e-02,4.427285353148778246e-01,7.846537178572228488e-02,6.868860482348015939e-02,3.140697982114154518e-02,2.834693091146329308e-02,3.886133505582722771e-03,1.448593630819736307e-02
8.352246818286718222e-01,2.060291551122944015e-02,6.467421215937429503e-03,4.235183794248567092e-03,7.350237819484450874e-02,5.115885043367486389e-03,2.025640133803888535e-02,1.253493956539332779e-02,1.782602654921562830e-03,2.027759085334735270e-02
3.934934524509998699e-01,2.190340015849542507e-02,8.766463193473232607e-03,1.036066313877683082e-01,1.124547583424054947e-01,2.335271512722917053e-01,6.610620950774356852e-02,1.682841682373467651e-02,3.701142177891394297e-02,6.302095084174053757e-03
2.006652148142857028e-01,6.372627542821439617e-01,1.368665019800213885e-02,1.620501053922538195e-02,1.215263955714331046e-02,5.647435904342628689e-03,2.745697329952783913e-02,4.458696343025158465e-03,3.133273170781948266e-03,7.933135189152223932e-02
8.710087741102533476e-01,2.073056354912682434e-02,2.849200262743692771e-03,9.594168660089132800e-03,6.063558715497428808e-03,2.166843064312831690e-02,1.190009352370747023e-02,2.908034053557300228e-02,8.486054444207559444e-03,1.861881555567352145e-02
5.845948258959679511e-02,7.010036344244573447e-01,9.526210212361867907e-03,1.688503197408207090e-01,1.364185827212330282e-02,5.920053522204900623e-03,3.901247402941979830e-02,5.900170086493535578e-04,4.877141708218925872e-04,2.508236029544226066e-03
9.025972293615812381e-02,8.289028457410357875e-01,4.635316480318620383e-03,5.395063498173072875e-02,9.733869137192239368e-03,2.132897916272093273e-03,9.125819183734769011e-03,1.634856575842214205e-04,3.869205519224478643e-04,7.084874140512464630e-04
5.575606617881827543e-01,1.619659125303825609e-01,5.030969178343352305e-02,3.339895982796319690e-02,4.673078116199881615e-02,7.441047238382736406e-02,3.546299772627538316e-02,2.510703152922385412e-02,2.298791116784236043e-03,1.275470015192782698e-02
8.381577194370937178e-01,1.053075905803600720e-02,2.121244772752520387e-03,2.089212305913528463e-03,1.077547357194033432e-02,4.069625590397842919e-03,7.835519366188394702e-03,1.165069133383716954e-01,2.989704397048127812e-04,7.614562119601184925e-03
7.087140709634608404e-01,6.440432018590917795e-02,4.513005569636552826e-03,4.347252735863129519e-02,9.253213036515954559e-02,2.925602184871777325e-02,2.163761003854644885e-02,2.862833637093890882e-02,1.665940670823160994e-03,5.176036628176385219e-03
7.444203544940219963e-01,3.142646624801150035e-02,5.714825263521685142e-03,3.522056460975293846e-02,2.417874022062531728e-02,9.429960521201248558e-02,1.324807112287553108e-02,4.035631013069915229e-02,7.080463889169372194e-04,1.042701630956186995e-02
2.365518474442393770e-01,1.727294102909299189e-02,1.386508382727588522e-02,7.489486918415562411e-02,2.655920429433997199e-01,7.155295372323512704e-02,2.477896142242878297e-01,2.902847228350197845e-02,4.285949458220592381e-03,3.916622588259092291e-02
7.059463770976346364e-01,1.035879517066961436e-02,1.568373857509961986e-03,1.406300108336801854e-03,1.913400888860845514e-02,4.575273025163251184e-03,1.805069934024606387e-02,2.276065042968625773e-01,3.437261486523935771e-03,7.916406728444225910e-03
8.020413392977278344e-02,4.628663777239152011e-01,3.831257964368248170e-01,6.846490761495863109e-03,9.715497660064697366e-03,3.036703415821127849e-02,1.459859531658357253e-02,1.059558889262272700e-03,6.834435292767864455e-03,4.382079831101758256e-03
5.706970532052798584e-01,1.803116968718646018e-01,6.993060839689319540e-03,2.211689678586836738e-02,1.530688834540852757e-02,1.277190521876827578e-01,1.757300804939724084e-02,3.443429246606467820e-02,2.356402390717208216e-03,2.249164885802745414e-02
4.337231570371789108e-02,5.154991717743896695e-02,7.488688508332357330e-01,1.146715447719823776e-02,9.774048933652509930e-03,7.927421909523661714e-02,9.564382261781963906e-03,2.511422997715736117e-03,3.665927944918408871e-02,6.958409070837906323e-03
6.629504896380734869e-02,2.084765802412764588e-02,1.528457863669876460e-01,9.113740983238473661e-03,2.942974755006012161e-02,1.669999803303707786e-01,2.449948984647749503e-02,2.904635117916558925e-03,5.086941698441730386e-01,1.836974297284131585e-02
2.800990109338281076e-01,5.950460890729981911e-02,1.827425471363994247e-02,1.024301954640053913e-01,4.115915023644237808e-02,7.110613468363924383e-02,1.039746814844124123e-01,5.598266470315866467e-02,2.910077864868157102e-02,2.383685202248930213e-01
7.324942294337523363e-02,2.335456144134961942e-02,3.533777989599827252e-01,1.290254802977359137e-02,3.390291484307748210e-02,3.017789206796830936e-01,3.068910266458193745e-02,1.981315992923641037e-02,1.294784656906493581e-01,2.145310481829048807e-02
8.365217247156778724e-01,5.740935421680574274e-02,7.045146299350534989e-04,4.579007461750562655e-03,1.148894965532136839e-02,3.202745546671964972e-03,6.699051195699157191e-02,1.235541243204669147e-02,2.180004242231155850e-03,4.567775142567601435e-03
8.720848258849847046e-01,1.368317246981095615e-02,4.099701922098462990e-04,2.792327242409822947e-03,1.043679458983329950e-02,5.586971446596014114e-03,3.564681973992010061e-02,5.103234884635318713e-02,3.421313469900094575e-03,4.905456117981941803e-03
5.941664847495039536e-01,2.974149347992133818e-01,3.551121440808195900e-03,7.679934536029828229e-02,6.898545467124414521e-03,3.029777343276550839e-03,1.408451654893572678e-02,6.460138876757577382e-04,8.159217003698799806e-04,2.593338702794408326e-03
5.573092268567777369e-03,2.846455695122143692e-02,8.329255600914090563e-01,3.856748735662268637e-03,3.274244204365303265e-03,1.542548332837568974e-02,3.894818292901787871e-03,5.219512433375186368e-04,1.054056896311345998e-01,6.578552530245914548e-04
7.407120523276449209e-01,1.934978579192049575e-02,1.745877434574677478e-02,5.330862242173620147e-03,5.145124806912739629e-02,2.101497124556131815e-02,5.445328635617391333e-02,5.685465268275283202e-02,4.266431864562944022e-03,2.910793507433573346e-02
3.097091544321408096e-01,5.630899843597637899e-02,3.073487437176374709e-03,4.728389657506169019e-01,3.971167412174686495e-02,4.379409299330083022e-02,6.482803567593940774e-02,1.759124696936308942e-03,7.810439004225108945e-04,7.195422555743640272e-03
1.821604115558525527e-02,1.550521833554000806e-01,7.545287736118412303e-01,7.786070602820452380e-03,5.641051133064685363e-03,4.352871684013908532e-02,5.787921867966932393e-03,4.802580435023934280e-04,3.574198382630964458e-03,5.404785007049378066e-03
2.770410893226786242e-01,2.096944445384867420e-02,3.313389675337012619e-02,2.232489520175549302e-01,7.576694821232410337e-02,1.014441978129734245e-01,6.154347012483984275e-02,1.742368905049302419e-01,4.335414725640807966e-03,2.827969607183945452e-02
6.801860210919521421e-01,9.665310636206838821e-03,2.705488394366101224e-03,4.814576826258345349e-02,2.224703636089198078e-02,1.056312771851013743e-01,4.112838090717340495e-02,7.872366918294466942e-02,9.668525345137276910e-04,1.060019544426653998e-02
4.633188618414567639e-01,2.987074259207523133e-02,2.364904587871466055e-02,3.475406265002928957e-02,8.252086052216590917e-02,2.154679466128806287e-01,3.890058252821951973e-02,2.530631360880611705e-02,6.860039288471675434e-03,7.935154447718045789e-02
9.530026781191741625e-02,3.181039586889263804e-01,4.480395517263028871e-01,1.619740700984058715e-02,2.991477097172720589e-02,4.245989562972504738e-02,3.248116940891498938e-02,2.787231548187144806e-03,9.940648524989419837e-03,4.775098679468624784e-03
7.899805819385725680e-01,1.976769624156966484e-02,1.933784367764575327e-03,1.618902425550221118e-03,5.771627173857857285e-02,6.827055490212665008e-03,4.242447242905036248e-02,5.596193561510928033e-02,2.853391027146750820e-03,2.091590872644492893e-02
9.069816390637659431e-01,1.958269403077200765e-02,1.173491414743763582e-02,7.150499916271081625e-04,2.111324454358476724e-02,2.002532091333585670e-03,2.444924194438814410e-02,7.209501325924779457e-03,2.064782300612088423e-03,4.146400560553697816e-03
7.881012262087218057e-01,4.869458971173022677e-02,4.320811016930754681e-04,7.491095716101353261e-03,6.718437390041036295e-02,8.612835073952378184e-03,6.295355841303972022e-02,4.131647299612723964e-03,5.606575886456730863e-03,6.792016688281724696e-03
8.374150327543600225e-01,2.857362361438120502e-02,3.780301841341225655e-03,1.641060291812864586e-02,7.411054732457588758e-03,7.887352358804798624e-03,2.670024629558228821e-02,4.479501378928470168e-02,5.087180264482345704e-04,2.651805366921118970e-02
1.562859379823322570e-01,1.634218309533236324e-02,1.149777735182845075e-02,2.160028204698622584e-02,1.370522035649039405e-01,5.494637367160425390e-01,3.502318432977676727e-02,3.185678221797932919e-02,3.493813495542565789e-02,5.939777739392084269e-03
3.864059856499947321e-01,5.592099921904496868e-02,4.204710658859556194e-02,2.516609093546841591e-01,1.978754374211245601e-02,1.463329707472070806e-01,3.393220487484543274e-02,3.367609254672387920e-02,2.082114188551302102e-03,2.815407308824044094e-02
2.246983162587126437e-01,5.909070861457650370e-01,1.366631068518423149e-02,4.070788332606119220e-02,3.733909033623015322e-02,6.085052849041531174e-03,7.030936209078143817e-02,5.218099778378034251e-03,6.056226251738168129e-03,5.012572278107403287e-03
2.300633247733296360e-01,3.286546109027196905e-02,8.028553780143649066e-02,2.541168205985493492e-02,2.163977088693480599e-01,1.279898356418241456e-01,7.646624993843108287e-02,1.040456261995347381e-01,6.986293539309418321e-02,3.661163823287507529e-02
8.643198175922203186e-01,4.115946883512042881e-02,1.652059370641032832e-03,2.330079093723451400e-03,3.339804664501948989e-02,3.905581928402323752e-03,2.993388492020126676e-02,1.242195480945384144e-02,1.448343839740783793e-03,9.430762965476829213e-03
1.124463175553977734e-01,2.050698746620504068e-02,3.727907014585284725e-03,4.225063711934517463e-01,8.054718975159130823e-02,1.071955169497080806e-01,1.463536361639687644e-01,4.322072655824937132e-02,3.779007067337468093e-03,5.971634027950550871e-02
2.973327993710422334e-01,1.207371836816435381e-02,9.159782351231176081e-03,4.932264793564566235e-02,8.378648379736557128e-02,1.816738076069190910e-01,5.620760744556925481e-02,7.816409335133572833e-02,4.152171960486872315e-02,1.907573401678578640e-01
8.056242007198364252e-01,3.729297102118464546e-02,1.219923629488246829e-03,1.449489590428928304e-02,2.555873508979445569e-02,2.403289340337656441e-02,4.498097451316697415e-02,2.905177576579779167e-02,1.662984965697495441e-03,1.608064498736798062e-02
9.581462379035136923e-02,2.894675477089779791e-01,1.528642876148732406e-02,5.166465206770902707e-01,1.186369752070827802e-02,3.019081573403863475e-02,3.198991319222244112e-02,1.617528202778841699e-03,4.152960801861295057e-03,2.969963610483613257e-03
8.846017777654248126e-01,8.208895043187884599e-02,3.018621243499717763e-03,2.343126632262505435e-03,7.831351211187701292e-03,2.112898122161273057e-03,7.138300111349081198e-03,7.233915454357132263e-03,2.075235217166085389e-03,1.555823810713204700e-03
5.696631351762756479e-01,7.520290505701737217e-03,3.291690628667176370e-03,1.095586803350447579e-02,7.152740907809725102e-02,4.314789970619366255e-02,3.335170225162670948e-02,2.518963404200325051e-01,3.359675935420072465e-03,5.285988264481103829e-03
9.626751287456553063e-01,9.962346924136529849e-03,3.776166690498602161e-04,7.054190550791715735e-04,5.697780227582012642e-03,1.044084701056758680e-03,1.197220031489348163e-02,1.258293464004703538e-03,3.589404982345006153e-04,5.948189400307399635e-03
1.452498597717822026e-01,5.102814515681380891e-01,2.344964191514976176e-02,1.164119623339648496e-01,7.014599736716832512e-02,4.292674258852256786e-02,5.709192105575260773e-02,6.599615683230387712e-03,5.170347140348962103e-03,2.267246057594216740e-02
8.232591270752864787e-01,3.065895926226468865e-02,5.316923188007771986e-03,4.670418222047688361e-02,2.076198653185423043e-02,1.445402518490045835e-02,1.568559441944956251e-02,2.674828878223273892e-02,8.338324560540607893e-04,1.557708087947315065e-02
3.171390057013602215e-01,2.149619927256642415e-01,2.071698926585197886e-01,2.763477391261310104e-02,2.335624217485622253e-02,9.865558818361262750e-02,2.486276675716204282e-02,1.429544623219715371e-02,5.697820830219948313e-02,1.494608335181527026e-02
3.277011955317983560e-02,8.015267475647828155e-01,7.236751171391489490e-02,5.993714883990823063e-03,8.410765569074225845e-03,3.457921472913218913e-02,1.166423299417765347e-02,7.208497141242241335e-03,2.104765870244589693e-02,4.431537148059307152e-03
8.813230819020637652e-01,3.953739226460815936e-02,1.090275747930787324e-03,6.571048033317800248e-03,1.832236503728148710e-02,7.889123625032145454e-03,1.613062937589616191e-02,2.086375363313311068e-02,2.295551243609648788e-03,5.976779137126771516e-03
6.678549060418915717e-01,2.866946376344857092e-02,3.317089085603658338e-03,4.655191212242386356e-03,2.199368794033957492e-02,1.559056553892771042e-02,3.899123410796959815e-02,1.378641869347372595e-01,1.618640116151178615e-02,6.487727421332774302e-02
9.594633318945151590e-01,1.790896424447544280e-02,1.555172014295114853e-03,5.798977890799982904e-04,4.889839794945163506e-03,4.542641180337095123e-03,4.136277458881434423e-03,4.774064869021649518e-03,5.924449934369861248e-04,1.557365761011905410e-03
4.912166980104732961e-01,2.260199773768143544e-02,7.395814395514870541e-03,9.589339154248355257e-02,5.290765430807652103e-02,1.732266966828159560e-02,8.436917294232181008e-02,1.418338231333553523e-01,1.004586336814980094e-02,7.641291489366143497e-02
7.847459654791048012e-01,3.626754489183377922e-02,3.861349432080740662e-02,1.933752789288084280e-03,7.968029553523950370e-02,5.201995014141481445e-03,2.404748299323940589e-02,1.654021613539941732e-02,4.334055353791149007e-03,8.635197487154952500e-03
8.906228988479730768e-01,2.647569706970598694e-02,1.638666833504276443e-02,4.632238995432731363e-03,2.554309152474159780e-02,4.107717174557865003e-03,2.077530806384077222e-02,3.266160440089066041e-03,1.174052854197637835e-03,7.016166694418460130e-03
9.478359878148936435e-01,9.629875413451571137e-03,1.491604981797687527e-03,1.020104537495699400e-03,2.171365347271687896e-02,2.583879208663788802e-03,1.072360946744733631e-02,3.069091810152161422e-03,2.679088018566223037e-04,1.664284491524446827e-03
7.409506782533957781e-01,3.609082842683478121e-02,1.070272616809310740e-01,3.786559808289683988e-03,3.677184594711332272e-02,2.115482107582080523e-02,2.286383644769635418e-02,1.628168514994105323e-02,2.547036792431883485e-03,1.252544641754522146e-02
7.104040829217961317e-01,2.323069810184519302e-02,2.068078583646936006e-03,3.080324392121352919e-03,1.717642045577327109e-02,1.314158801267606078e-02,1.960731525150304078e-02,2.055654069263291583e-01,3.551891226989094675e-04,5.370896231609900533e-03
9.410056368892093515e-01,2.885688084879235726e-02,2.421197494756823388e-04,1.045990247888613830e-03,1.076984813741743534e-02,2.522726338346808345e-03,1.055500640018965965e-02,2.030333062427527608e-03,5.512414405980629742e-04,2.420216885654067653e-03
1.531573572849240783e-01,6.372135186699039444e-01,2.202635205870101531e-02,7.998773935298214566e-02,2.766918393584030800e-02,2.402547518535139148e-02,1.768359691388350294e-02,2.157471916917491801e-03,4.547689037359639412e-03,3.153161564413684004e-02
8.860833861089068009e-01,3.413493594298488282e-02,1.406327098635368287e-03,5.357221548552784478e-03,2.465218213002207809e-02,3.372201565987934923e-03,2.728115479784214148e-02,7.316591689780517320e-03,8.819946674944974859e-04,9.514004449793224752e-03
6.330874556270287001e-02,2.691635669231376773e-02,6.939582338745311496e-01,5.717995129128647901e-03,9.686759637819181146e-02,3.385832852360606132e-02,5.409040927598306875e-02,6.168695879642148265e-03,1.230167142961337105e-02,6.811967254287106498e-03
2.419042272255040593e-01,1.670636345844746240e-01,2.844527725293227033e-02,1.141691425656840980e-01,1.810253872464502589e-01,7.277918832925586723e-02,7.805972269023296606e-02,5.969856023665879967e-03,8.999871555772702425e-02,2.058484852407284696e-02
7.240366816895899005e-01,2.350819850516416148e-02,8.776175233098022430e-03,6.575049998332391059e-03,4.927536495144167056e-02,2.450215430109133063e-02,3.893761601001228395e-02,4.947875101569162298e-02,4.284369853296810492e-03,7.062563844228178511e-02
9.604811503036494447e-01,1.555036087753794254e-02,1.361299725770945572e-03,1.973108273502485743e-03,5.152984397309312396e-03,5.320348556543538603e-03,6.473085982537995359e-03,2.193569370136159383e-03,1.379077547339322720e-04,1.356184758278544200e-03
4.293473625806532024e-02,1.767292865942058644e-01,4.183469950309188778e-01,6.351278444392186029e-02,5.582981127196956841e-03,1.061594154579219712e-01,1.737905996188868207e-02,3.652736257082564615e-03,1.558447738455615017e-01,9.857231023236273301e-03
3.492106393037430201e-01,5.877465763561573464e-01,2.486167513165966382e-03,2.039185126060143877e-02,8.614214276021795944e-03,5.171537952972122577e-03,2.098966320640082220e-02,8.041327434007212354e-04,4.719822740167194390e-04,4.113235113519882538e-03
1.309632738817790298e-01,1.957762489009171047e-02,1.793187085230365033e-02,3.400725676490618660e-02,5.770801808856044213e-01,9.795937173369279050e-02,5.721930398103632076e-02,6.887450204924923207e-03,5.266102958355291241e-02,5.712637222107951399e-03
7.669744366310622397e-01,9.702327916430398755e-03,1.612377066898189586e-03,9.014938545990129311e-04,3.275929440261574760e-02,5.654670683640592582e-03,3.242604753603535450e-02,1.400478439880833148e-01,1.782646584252502425e-03,8.138861336382662015e-03
8.824379185970081529e-01,5.767695149334768276e-03,1.402930456784390410e-03,5.267747473410425152e-03,2.845042577612079057e-02,2.061730972405400805e-02,1.419441350720509337e-02,2.644512785449151804e-02,1.889856956786652165e-03,1.352657450480498902e-02
2.211170973119671868e-01,5.968689677166530427e-02,2.717412350483016520e-02,1.578242806622330227e-02,2.305124306398116107e-01,1.301688707367651132e-01,7.756671942875914549e-02,3.653524058625613746e-02,1.469613253306701617e-01,5.449486762305140453e-02
6.290842661589904905e-01,2.170299179427229996e-01,1.981424411352212048e-02,6.017485775807341480e-03,7.482061131864212178e-02,1.177438891612514471e-02,3.184545944069076123e-02,9.077536608189898815e-04,2.556116085387865819e-03,6.149756587291964338e-03
7.038408401135298753e-02,5.180756834421944290e-02,9.737338567067104975e-03,6.550242308601124108e-01,4.798467168305327324e-02,9.450744717637875325e-02,2.688372357558839812e-02,2.374899281206554677e-02,2.703956298008905294e-03,1.721798667215269224e-02
4.096907160833664768e-02,2.096871747076790859e-02,3.159436876073647843e-02,8.567098837528791533e-03,1.262778700433079583e-02,8.173816053546811844e-01,2.510720004945047115e-02,2.112771240524190242e-03,3.887455185465973212e-02,1.796827818984133305e-03
6.296637009649547201e-02,1.219749634700583590e-02,8.646639010024418370e-01,5.494552867516199271e-03,1.443886732591998998e-02,1.935761160136720629e-02,4.179388898694501656e-03,5.576815935502189327e-04,1.523650551667463104e-02,9.076247503336873227e-04
1.692233259939854850e-01,1.837391834641845245e-02,4.931180328800759405e-01,2.353478352074310498e-02,6.415464166611212216e-02,1.405832799633620345e-01,2.816477052266141631e-02,1.428499995305913643e-02,2.258448028547336769e-02,2.597776686810886540e-02
7.670451275215087739e-01,2.763658850610273277e-02,3.767501164529426898e-03,3.764876711399198911e-02,1.816159056106064415e-02,1.110654675888554654e-02,2.652004333500845509e-02,7.075075224016558195e-02,1.247600273751210253e-03,3.611548252499531542e-02
8.070895683813894550e-01,1.123635098242782016e-01,1.006808946370682002e-03,9.690219121020700321e-03,1.511387511076763349e-02,4.687030567134530326e-03,2.303311272688426947e-02,1.628811145041015110e-02,7.651915473486039891e-03,3.075848398258535909e-03
5.480100238205252161e-01,8.315464327815591528e-02,5.125980776486336633e-03,4.575154830185036020e-02,3.137021822683744993e-02,1.123908014635189440e-02,6.681924605056473176e-02,1.318267519161306356e-01,3.131524248101677770e-03,7.357098323499632053e-02
4.953043401286230107e-01,1.595245830157898115e-01,1.024105977039111923e-02,3.006519010995143543e-02,1.065488845713072619e-01,1.464896238178695249e-02,1.262048912572701354e-01,2.583670167619823987e-02,1.347573232283481165e-02,1.814965476584719239e-02
8.446374549922914809e-01,1.679225571994380842e-02,7.887051993837019366e-04,2.746900426697299925e-03,2.596106191109548433e-02,5.761804857942466780e-03,1.929293380746061048e-02,8.101225929136512960e-02,3.744272076581226698e-04,2.632196586161745285e-03
2.880807345807316344e-01,4.017725627404802879e-02,4.047515451344595866e-02,7.115440065656523927e-02,4.656941992483521614e-02,1.858878546647757535e-01,9.159229757093190205e-02,1.957465698959682046e-02,1.927691209587249072e-02,1.972113127291968970e-01
6.843086515825909100e-01,1.860110843777868644e-02,1.804161474109246960e-03,1.137493668403221497e-03,1.345745619094113575e-02,2.738414397116818375e-03,2.450388527319006388e-02,2.441043154372115886e-01,3.419710950429478893e-03,5.924802588229312328e-03
4.816543618830472218e-01,2.807555699689419093e-01,4.202848030774319205e-03,3.333072279866685500e-02,3.059483319820030522e-02,4.945974529754421437e-03,8.925575157845151708e-02,5.940823066415194809e-02,6.708475949812926428e-03,9.143231398198720453e-03
7.560020405938479016e-01,2.744759849236725821e-02,2.060454944954656382e-03,3.487622543163113736e-02,8.266596402809174571e-02,5.640368746512085946e-02,1.813662565600804646e-02,1.680026943754034385e-02,2.039926389069263851e-03,3.567207561368467526e-03
1.404454302478727323e-01,1.377410084233079424e-01,2.481370643173175239e-01,2.143732546199379058e-02,1.937869564137870981e-01,3.388289879877704608e-02,2.300551256279617304e-02,1.871201718542952639e-03,1.940467255065950747e-01,5.645876549009555892e-03
7.331819463126840741e-01,1.843176112936390221e-01,3.455476820168275343e-02,1.379476235992223515e-03,1.722174408321219125e-02,2.741759184881738254e-03,1.049145242471284482e-02,5.836081750483215411e-03,8.451077135781713762e-04,9.430052799133840230e-03
4.365641890534056047e-01,5.405434740535275395e-01,3.381597166311815523e-03,4.719903800916408834e-03,2.508085004655271136e-03,9.897998751539074328e-04,9.110499303228002804e-03,9.279516299743764771e-04,5.237273807127741133e-04,7.307727321145620920e-04
4.878392742686956662e-01,1.197167325219045640e-02,7.779860689875243290e-03,9.679922976827183556e-02,7.499989316518791693e-02,7.410650310104746619e-02,6.915715962542870465e-02,1.140962297660729763e-01,3.981372852898299591e-02,2.343644783424672987e-02
9.659107461248682414e-02,8.796437186433179178e-01,6.723665666353028508e-03,5.957217513573921132e-03,4.240190931591051281e-03,7.959525564490821771e-04,3.745911551345624743e-03,1.032977884615008226e-03,5.049142184984999710e-04,7.643764217691796821e-04
2.121580078248336554e-01,2.440317784652354660e-01,2.561423028139413541e-02,1.709449527006437208e-01,1.632261146083649750e-01,9.233290114128286930e-02,5.999712064213263973e-02,6.058249978062252641e-03,9.338680167704468613e-03,1.629796419034528626e-02
9.280063181636967473e-02,8.681188442534189253e-02,3.524304785827988423e-02,1.394241340946676677e-01,7.595702660127395811e-02,3.582070613014964322e-01,6.006284037756392385e-02,5.544953330540355538e-03,1.348620863706544437e-01,1.108633382381206574e-02
9.525984665603910440e-01,1.528140601626474041e-02,2.613156316146783391e-03,5.280989480871327822e-03,6.857543416912828711e-03,3.685867334719332769e-03,5.894677711006109967e-03,3.575163572482677275e-03,4.381831490378377647e-04,3.774546442167114706e-03
1.776774045588791207e-01,2.641883705503719065e-02,3.908042265058415954e-02,1.855032695260223907e-02,6.685134602252870706e-02,2.336103970572119271e-01,9.524036904330214492e-02,1.680918313528745323e-01,1.174622279311725130e-02,1.627328425138632739e-01
5.779750328342064813e-01,6.390561773969553883e-02,2.388156497207497616e-03,1.843645959232362644e-02,1.118201330022839252e-01,5.013658776909633158e-02,6.450012276037422887e-02,9.772945849881951863e-02,5.038782455575780556e-03,8.069648850416454716e-03
5.634680450089678549e-01,4.833935344085472235e-02,4.854455441309554579e-03,4.135863661603983443e-02,7.622382186298999607e-02,5.976431010928537346e-02,8.444417529017879398e-02,9.444194495394450661e-02,8.175141467707848497e-03,1.893011580872180216e-02
7.011764563082208968e-01,2.105739026051913279e-02,2.832251590040783199e-03,4.697431630452056361e-02,4.696357166034741820e-02,4.735837823577752903e-02,5.722240806531124491e-02,3.645336110170097066e-02,1.046635107876688411e-02,2.949551539479483217e-02
