3.528261899833205484e-01,1.921126459626499028e-01,1.163643439792448192e-01,4.247972142573892135e-02,6.562634936272650210e-02,7.851606762660340300e-02,4.454963739525091143e-02,4.864849058670910054e-02,3.539752880256278461e-02,2.347902487519314130e-02
2.442705348408810984e-01,3.137076150369510485e-01,4.790003040266962997e-02,1.197977219765384155e-01,3.853645723755552699e-02,7.043185735016929683e-02,5.874798042088140437e-02,4.401783561391187094e-02,3.358103984421094423e-02,2.900892727623073652e-02
3.578572133891928519e-01,2.361280226123891324e-01,2.356540433001999557e-02,1.318012986444854207e-01,3.169571228997946494e-02,5.360010320629569197e-02,6.169752947904485335e-02,4.583021622908652754e-02,2.336087223083660805e-02,3.446362758866952647e-02
9.416344612036954276e-01,1.486090899791320946e-02,3.730793890208708007e-03,5.660511688822159916e-03,8.769184217709724560e-03,5.049999866203864173e-03,6.208936146855370715e-03,6.928098424682360180e-03,3.905003248301491120e-03,3.252102315607560690e-03
7.513640468407881690e-01,8.247764467799173493e-02,1.136512513198507587e-02,3.793060017155919228e-02,2.158403477593742736e-02,2.097150938391754288e-02,2.551860231309441979e-02,2.054828216321086948e-02,1.409906582894024374e-02,1.414108871257548430e-02
3.970640918236499339e-01,4.119657175815699679e-02,3.849537143161966407e-02,8.780232698255864554e-02,1.084472065294175697e-01,1.204011416556761277e-01,3.813039123588883583e-02,1.195386008821832241e-01,2.351354652414337082e-02,2.541075117670563849e-02
3.306612751195671662e-01,2.701884789226245975e-01,4.056372326476893886e-02,9.862868497517844613e-02,4.584245754480727880e-02,6.067472505781429382e-02,5.545481062091942720e-02,3.962105800847171011e-02,3.162450493158246861e-02,2.674028155426555822e-02
4.067867222103204727e-01,2.384563761535996029e-01,9.350795614954988261e-03,1.616099344650675784e-01,1.678627747540105408e-02,2.951161088092837601e-02,5.803077791160232007e-02,3.596453365614835085e-02,1.358991183440931040e-02,2.991305979756784042e-02
6.554981738088389021e-01,4.053444267539989265e-02,8.421495535152953571e-02,1.101890015444368341e-02,6.112575972032763261e-02,5.130059675932874264e-02,2.026631034186588548e-02,4.470549855877020001e-02,1.844497458936150691e-02,1.289038804013410353e-02
5.849424904786635349e-01,1.721262444122548529e-01,1.786082940332719624e-02,6.168213104075682962e-02,2.872359660295670594e-02,2.813503165169203152e-02,3.635199168634267730e-02,2.742848629290715531e-02,2.072572394413849800e-02,2.202347448696034132e-02
7.179771156104459706e-01,5.491706354790507061e-02,4.267181234713923743e-02,1.782242971985123145e-02,4.197123798825735941e-02,3.703556433172489060e-02,2.467730149869021977e-02,3.343923480118540792e-02,1.692489002860306929e-02,1.256335012619732780e-02
3.043963492278848881e-01,2.705992524069044669e-01,5.752101085036693748e-03,2.328848238705223950e-01,1.506329313989901789e-02,1.913066907990362484e-02,6.812363155376420509e-02,2.677786958109138957e-02,1.279420519440134345e-02,4.447780486059202398e-02
8.622271185335421695e-01,4.149971904519705879e-02,9.878137655181520524e-03,1.449616408389211263e-02,1.491363814616928317e-02,1.284214683029883709e-02,1.429104380830922838e-02,1.380900163306407816e-02,8.234694292168675406e-03,7.808335972177106628e-03
5.288700765929766900e-01,2.651934717260035976e-02,1.075127122797459173e-01,1.630460268057743953e-02,9.542259416882026279e-02,7.363221757035244563e-02,2.222732996719196594e-02,8.984586543260435210e-02,2.314340817167049452e-02,1.652184596346012793e-02
3.253953054560929092e-01,4.141894911369642940e-01,3.539542631210054182e-04,1.288265153726253498e-01,1.464597316259180293e-03,1.567168092229190507e-03,3.653137345346504916e-02,5.063370060629402737e-03,2.253049338078834483e-03,8.435517551053468843e-02
4.904063480272896625e-01,6.584095576560033969e-02,1.527874739495977893e-02,1.347048079209394733e-01,6.060514086807364253e-02,8.423473523817795461e-02,2.798152583043367336e-02,8.316151218519171606e-02,1.587790852637188665e-02,2.190831824296184116e-02
3.117009634237202786e-01,2.635404881750568751e-01,3.187565030743325784e-02,1.309182716313604389e-01,5.082336026195947987e-02,6.131699248265926744e-02,5.158252917696524303e-02,4.147554559256053791e-02,3.081005550493260900e-02,2.595614344335211640e-02
9.765492934395275659e-01,3.327619431348028019e-03,3.775008287294585093e-03,6.914979650791476832e-04,5.243122365903545544e-03,2.448798432475404307e-03,1.843939673417219292e-03,3.451719735984822360e-03,1.616511201742363429e-03,1.052489467227227162e-03
2.340274849315675254e-01,5.583350481724004555e-02,1.082925529596221043e-01,6.035962166151739167e-02,1.144571202392437176e-01,1.868105782614824517e-01,5.059394358903426814e-02,1.301898963743672033e-01,3.069461113746782890e-02,2.874068602845756756e-02
7.341684409550327528e-01,7.245912763634797249e-02,4.082496017493716239e-02,1.440145191616201172e-02,3.542840868677976651e-02,2.984654805788295243e-02,1.940933702644267664e-02,2.586411204211280443e-02,1.721474761267669656e-02,1.038286589162528209e-02
2.281415474587936143e-01,4.119265551081248145e-01,3.459531444953254514e-02,1.155725212203738556e-01,2.713281141629936277e-02,5.245814368431276492e-02,5.095730458738191582e-02,2.809469242957780832e-02,2.666782705338101647e-02,2.445328259222218081e-02
7.716810341518289817e-01,4.661567366928057871e-02,2.043271056777677327e-02,2.384389635546676350e-02,2.951611580916297869e-02,2.484604084398909021e-02,2.478388164543599698e-02,3.065680570576654468e-02,1.393125026340500359e-02,1.369259098788715850e-02
8.210035409650541238e-01,3.087559928640072962e-02,2.056205732781535636e-02,1.414266673174382170e-02,3.106204545717043686e-02,2.305086694579640966e-02,1.505086274419292422e-02,2.556855808127622698e-02,9.890962760012693075e-03,8.792839700537161476e-03
3.728053145998914131e-01,2.385257091481672309e-01,1.237752815538667971e-02,1.654771391755958110e-01,2.753314482506177135e-02,3.728544213011155545e-02,6.080388631633379393e-02,3.801240905596887931e-02,2.013152805793781697e-02,2.704789853554512638e-02
5.684791104317296062e-01,1.652499394488075590e-01,2.359297852594192252e-02,6.208675391471834420e-02,3.326726499011609800e-02,3.550410285799133342e-02,3.920989953057527067e-02,3.271009366596478590e-02,1.987169176715818109e-02,2.002816486699690937e-02
3.299703763623870745e-01,2.272798042079472447e-01,4.960269683789882145e-02,9.433630074042240188e-02,6.083545924687353001e-02,7.154905099889459497e-02,5.602811064861838719e-02,4.700487281379764348e-02,3.596180039500985332e-02,2.743152774815041384e-02
1.225862765211693517e-01,1.992351395950258675e-01,2.175686498693936155e-01,5.243712182711931374e-02,9.484454491054007674e-02,1.310855751536174341e-01,4.880054064498368788e-02,6.195832406173289175e-02,4.554360939358831351e-02,2.594021802282946848e-02
5.670324334521216203e-01,5.851260181632070290e-02,6.209995216424130104e-02,3.151587915318251887e-02,7.670438363364349976e-02,6.244674190290230853e-02,3.500455898356433920e-02,6.076724672023649937e-02,2.615185149521060542e-02,1.976435067857669481e-02
3.916700965936141254e-01,1.496082982287791352e-01,5.516179598308137977e-02,7.825828239849458301e-02,6.648884303900372272e-02,7.730979335776326511e-02,5.790209338659309951e-02,5.955827976520385036e-02,3.488969974764408177e-02,2.915281749982269466e-02
6.657018965710171932e-01,7.405999317377924551e-02,4.058618282450079939e-02,2.554595082548802645e-02,4.403486458938030146e-02,4.383686085925374981e-02,3.209877141372464993e-02,3.886118963207982335e-02,1.877296197225621077e-02,1.650132813851997587e-02
3.143482640162618136e-01,2.536002422665729061e-01,2.887571247481705156e-02,1.327170540182225356e-01,4.687251684596851348e-02,6.223355559181986685e-02,5.832891536448829573e-02,4.238725816589325457e-02,3.101948522219860269e-02,2.961699603375711823e-02
9.177272644512683986e-01,1.485431101885032260e-02,1.129953275819932899e-02,4.068127668840102601e-03,1.444597835556614245e-02,9.362125570919073089e-03,7.522750433779334424e-03,1.111234885689342533e-02,5.299168276966157408e-03,4.308392608717777870e-03
7.307578002423472663e-01,7.041809107351258701e-02,2.586805995671932409e-02,2.530397777711657775e-02,3.051927737850161637e-02,3.162254362663060453e-02,2.683231862566216527e-02,2.860381690435205917e-02,1.673350385071721569e-02,1.334061056444063066e-02
3.985624435013447320e-01,7.860491344041059536e-02,1.008401313279462114e-01,4.203091430938651896e-02,1.065652832575832709e-01,8.556408764185421956e-02,4.844072514898915133e-02,7.497741709420023548e-02,3.813489529176281728e-02,2.627918898652220614e-02
2.733755309939796541e-01,2.268847797066935734e-01,4.940061694568614881e-02,1.168316182890676014e-01,6.005163371919883253e-02,7.850459153185165850e-02,6.365899199924031360e-02,5.653850098688709830e-02,3.818666081219622421e-02,3.656707501519904091e-02
6.531686812897620487e-02,4.345563201946808785e-01,4.644413881882249878e-02,1.777829037246721477e-01,2.469877232034613929e-02,7.838957171935845292e-02,6.393558232045332135e-02,3.932297969708165725e-02,2.461349971758568581e-02,4.493936335802312110e-02
8.162519235114864546e-01,5.278916883673518551e-02,1.296574079783451884e-02,2.135870471195526824e-02,2.085928777090960765e-02,1.707403418675556769e-02,1.901174719664273233e-02,1.906080120970600478e-02,1.037234447540899898e-02,1.025624730256546359e-02
8.234820806136708971e-01,1.810707453623000215e-02,3.817642200763150112e-02,5.234827416597150930e-03,3.687601952405863276e-02,2.387600453624732361e-02,1.252426712789524339e-02,2.367740535777173791e-02,1.099416621609436082e-02,7.051732663803433887e-03
9.038406694358793736e-01,3.659035082706730505e-03,2.770229309136314558e-02,1.078903675916687618e-03,2.329557632966859637e-02,1.228428103738466066e-02,4.198689132982500252e-03,1.636766593287304616e-02,4.653899233052546415e-03,2.918987048172956133e-03
4.010529864372739950e-01,2.173561707336503501e-01,5.038610246945253446e-02,7.124960426106877187e-02,5.485793694688420596e-02,6.008884383997119272e-02,4.825386723744516659e-02,4.180181796064957184e-02,3.150809073746053957e-02,2.344457937614352616e-02
5.314385915667403371e-01,1.160623910438921408e-01,5.612504393892230048e-02,4.215787328129579070e-02,5.662568270539412862e-02,6.056174414991747496e-02,4.090521550322723937e-02,4.681711679022792366e-02,2.833340169461453714e-02,2.097293932576807171e-02
3.507819438834776649e-01,3.019537314378205051e-01,3.703764104262527446e-02,8.199157992640752901e-02,4.290534720116314510e-02,4.952718696030730672e-02,4.752425640508454313e-02,3.498764370426669934e-02,2.876682880781877144e-02,2.452384063102845332e-02
6.766508524151620962e-02,1.217904180589816643e-01,2.974629199351703779e-01,5.317879768291148418e-02,4.834028932180867849e-02,1.946207157596943904e-01,4.703069716447243892e-02,1.126676412452846526e-01,2.946062110004894763e-02,2.778281449011108656e-02
3.009372192521133083e-01,2.605511541730171632e-01,3.595174325575677815e-02,1.252178593235336035e-01,4.772282117360410192e-02,6.085295115938251648e-02,5.933744013148661844e-02,4.622304984500437419e-02,3.291762376932642897e-02,3.028813791677521794e-02
6.989907658076903729e-01,1.045414375156356462e-01,1.549831196484978239e-02,4.468584206006474130e-02,2.424367880457239249e-02,2.457929905675491911e-02,3.017983769763324040e-02,2.502320765396782651e-02,1.609202500199707203e-02,1.616559443683404998e-02
5.496009169814833895e-01,1.517263175376094286e-01,5.152928927400213938e-02,3.507096922012335055e-02,5.278380421292786645e-02,4.754292657046228082e-02,3.356192288045282274e-02,3.357720932140301900e-02,2.689225029577527529e-02,1.771439370576040687e-02
5.310068898946768146e-01,1.444518582015045516e-01,5.551558029515704651e-02,3.801393508757573703e-02,5.769350429734274727e-02,5.023746252165892101e-02,3.649712376909202555e-02,3.962340558876247670e-02,2.788117476110692217e-02,1.907906558312270212e-02
8.652976398662419744e-01,3.416300983356190812e-02,1.397805597235682491e-02,9.465634048799390424e-03,1.896930812740219713e-02,1.501350006438976863e-02,1.244538019574167355e-02,1.572309897316768665e-02,8.313097150240143438e-03,6.631275768098476159e-03
4.824164643743723002e-01,1.194689548790782777e-02,5.691045389011076434e-03,1.458181709867413522e-01,7.106395190118777738e-02,1.063385285369174010e-01,1.227282646338861798e-02,1.439007409015448102e-01,5.822834902933107445e-03,1.472854105599543176e-02
6.705876515511328684e-01,1.114066153456014924e-01,1.819392876427636946e-02,4.619135249782812397e-02,2.781423724349498319e-02,3.097794135373205249e-02,3.219749148162094621e-02,2.840460610691785542e-02,1.799299364021259701e-02,1.623318201518283641e-02
8.258284589097722450e-02,2.341749381922761386e-01,3.561346593402003324e-01,2.172809774211915956e-02,8.046740355148156165e-02,1.057964606789997819e-01,2.886708715611278203e-02,3.506642947239393265e-02,3.857843863582895161e-02,1.660363933961025301e-02
1.090069101006407443e-01,4.118187821426724793e-02,4.409462174288671932e-01,1.335514059212128922e-02,1.292504087342583041e-01,1.201060925915102690e-01,2.649444698806228959e-02,7.499513922653303077e-02,2.983620434163388249e-02,1.482756178210575121e-02
3.100692185444676174e-01,2.860460327358239074e-01,4.052708004472903303e-02,1.016920908364334630e-01,5.066127347447216267e-02,6.312456901670962517e-02,5.313523784159942392e-02,3.783999682244622298e-02,3.266505448128862593e-02,2.423944620202982125e-02
4.935591150460041932e-01,1.258651127315107143e-01,3.650739886574837223e-02,7.758012804716905852e-02,5.176123277291098251e-02,5.047345336334654875e-02,5.449161524507787485e-02,5.559360386765834633e-02,2.451296480382569518e-02,2.965537525674828007e-02
6.912033925057704808e-02,6.160715502545691113e-02,5.443118008355821713e-01,1.041249139428872088e-02,8.013600634636468267e-02,1.153564002294752144e-01,2.207128811217179756e-02,5.431939047323990771e-02,2.857229697877600519e-02,1.409283135406760347e-02
1.954257249652174566e-01,1.823839478572195083e-01,1.680307281291682775e-01,5.842815503907360791e-02,8.967841405083724904e-02,1.144104236175834260e-01,5.624433780855129378e-02,6.455227464043582219e-02,4.332596230675103688e-02,2.752003158516238071e-02
2.465742618714611423e-01,2.780513100187431696e-01,6.516700872799724431e-02,9.593964475481644993e-02,5.535302257676846804e-02,8.709844000171751421e-02,5.483422501938835930e-02,4.758533948741507785e-02,4.059842719082334267e-02,2.879832035086929073e-02
9.382378736531046259e-01,1.543449503658154628e-02,4.598312311156894754e-03,5.315118845299872385e-03,8.860713291281954382e-03,5.389668750410884709e-03,6.818719753403425579e-03,7.889431893114152647e-03,3.851780623773581359e-03,3.603885841873095356e-03
1.391735009400469833e-02,2.510708717997456665e-02,6.944066643969057928e-01,4.150171869732295106e-03,7.810633001378294860e-02,1.002025846969358952e-01,1.148788055979860570e-02,4.362048170942850467e-02,2.142748639217805992e-02,7.573963087258652957e-03
6.275364508628581417e-01,6.747031065127861993e-02,6.785835705391314587e-02,1.931828885679913455e-02,5.901543038953584175e-02,4.820721595730205478e-02,2.856729760357425846e-02,4.165976372208442247e-02,2.441660761035958568e-02,1.595027729229470115e-02
7.533293437323764774e-01,8.706206577362506083e-02,1.142661755533208763e-02,3.570625552108477180e-02,2.236396507234678088e-02,1.978801279992729173e-02,2.534960228453347203e-02,1.894658904296239385e-02,1.387746874830239792e-02,1.215007946950939083e-02
7.233859728512647136e-01,5.751450720011715839e-02,2.470675849324985296e-02,2.861869984202676867e-02,4.061285282955210546e-02,3.008665902568515363e-02,2.763006423610933626e-02,3.359143871088433181e-02,1.818039803878770955e-02,1.567264877232272743e-02
3.355343794461609352e-01,1.976401828765210755e-01,5.221859103011042280e-02,9.245736382311817159e-02,7.026849751214472861e-02,7.356313334136210802e-02,5.872497845054489712e-02,5.692752457129127142e-02,3.466228166818326878e-02,2.800306728056291619e-02
9.450096593691577063e-01,4.952151943096481240e-03,1.301075603843474156e-02,1.094808117842788978e-03,1.220397438122059960e-02,6.304716630709705956e-03,3.417800514871538117e-03,8.292518428430588340e-03,3.498952926694741394e-03,2.214661649541216967e-03
4.661263625620640227e-01,1.286563681540053294e-01,5.028945903160372821e-02,6.379685130617410160e-02,6.845615913439972999e-02,6.317688446304116356e-02,4.903861751046014600e-02,5.150960385183992601e-02,3.330595254391532922e-02,2.564374144249657178e-02
6.150521335251799560e-01,1.539784080550662404e-01,6.843166256712254238e-03,9.187156827748792221e-02,2.381915184140474123e-02,1.999856081955913439e-02,3.509856970886135463e-02,1.969073921122075840e-02,1.677943060978042897e-02,1.686827169472732146e-02
6.453756984365700555e-01,1.399319176258396469e-01,1.962348580751169247e-02,4.794368571219462249e-02,3.020629604277775410e-02,2.927903151257535072e-02,3.108342400993826388e-02,2.341283438939242845e-02,1.829202484575331508e-02,1.485160161744672469e-02
3.767326728029807836e-01,2.954281882324132913e-01,2.743718332750721620e-02,9.635030729228338808e-02,3.967550330307249851e-02,4.194075996886121455e-02,4.565095748835257955e-02,2.926493608420930800e-02,2.630236398537303191e-02,2.121712751494657725e-02
5.105363858057520021e-01,2.341686115060692408e-01,2.194471385579629258e-02,6.531368535604134551e-02,3.708018061562638051e-02,3.240682040598148739e-02,3.614481993286641770e-02,2.338778770774228508e-02,2.196923606004027099e-02,1.704775875408423916e-02
7.452704793645587023e-01,3.943547875287336385e-02,4.308117029295849276e-02,1.364808794975041692e-02,4.532622795332436061e-02,3.282298002336655335e-02,2.069556520993786133e-02,3.321092262584186827e-02,1.565566009812583911e-02,1.085342772926258838e-02
8.610008851973216526e-01,3.425965579718334101e-03,5.563239030581632744e-02,6.638175659120585650e-04,3.122428288812559294e-02,1.533014221353301738e-02,4.211184305883920384e-03,2.067730184949520891e-02,4.801068517399934010e-03,3.032961576793960067e-03
2.986761665260790344e-01,1.346259711890479827e-01,1.223960940244173817e-01,5.452578438028701791e-02,9.681100931723402025e-02,1.067136582469497968e-01,5.186676330404011576e-02,7.389440910033520660e-02,3.553255790052693014e-02,2.495758601108247904e-02
2.207482423365643431e-01,9.808860817904596630e-02,5.311760603380404760e-02,1.458409946805868385e-01,7.038225376070703088e-02,1.796168197856464754e-01,4.046994714556492734e-02,1.344800479613156297e-01,2.274708272122175079e-02,3.450839739554297653e-02
2.768123553841518314e-01,2.047623010226391482e-01,5.530996441160635629e-02,1.196485990830825213e-01,7.257725255044855661e-02,7.368587746353519319e-02,6.805889754483747389e-02,6.113616665834907538e-02,3.538239950269157080e-02,3.262618637865823817e-02
6.663219199772907331e-01,6.803330766994528100e-02,4.189004723025948479e-02,2.669422286981994533e-02,4.920563096028941069e-02,3.938982417993106694e-02,3.041762573681146622e-02,4.108254779652532884e-02,2.068084997417663287e-02,1.628402360495068840e-02
1.471546031524035292e-01,3.926826855591652454e-01,1.131750605748255006e-01,6.738926998301451865e-02,5.274529094507945243e-02,7.974520771479590153e-02,4.743743800481479284e-02,3.688244542530471487e-02,3.751611336299780913e-02,2.527188527759847633e-02
6.917084093673577794e-01,3.912492186725158999e-02,4.593267349573929015e-02,1.760981407981581856e-02,5.233821772298351271e-02,4.441773618112438565e-02,2.789439838737570870e-02,4.759188138337854673e-02,1.783694717825710582e-02,1.554500033671632128e-02
1.624009065440751853e-01,1.866759040508157719e-01,1.897477083158852773e-01,5.084551360879802778e-02,8.915767267909723015e-02,1.281019107689270187e-01,5.182537830595589784e-02,6.591404430947994664e-02,4.697147873960291070e-02,2.835948267736275452e-02
2.363531453597993159e-01,1.183395042667053365e-01,2.175033135966034925e-01,3.169177589177899629e-02,8.011439090377522887e-02,1.261667512507328726e-01,4.356312219865719065e-02,7.544572082784341271e-02,4.281798734665376999e-02,2.800428835745050887e-02
5.717619267445170905e-01,1.472423948831110274e-01,2.680708673929447367e-02,5.725620752836622918e-02,3.992079208148822944e-02,4.071198432673767825e-02,3.830986482831782308e-02,3.263448028223326497e-02,2.483033117837899276e-02,2.052493140755509704e-02
2.195475357348869727e-01,1.051760845129660615e-01,2.033005092883435894e-01,3.676182190876346040e-02,1.007741156953916584e-01,1.324223188791122663e-01,4.485425627228013107e-02,8.089040074408439251e-02,4.849688578603921635e-02,2.777607117813224794e-02
8.510084135323976451e-01,2.911830825039695911e-02,1.379284291648296551e-02,1.278505489469217681e-02,2.397855058705447920e-02,1.614783206845243207e-02,1.517199485888466766e-02,2.133451606427817782e-02,8.929627519463252672e-03,7.732859307897300451e-03
8.420933707852601424e-01,3.994415451718194565e-02,1.062344434362177265e-02,1.832107000558554771e-02,1.791831678125683364e-02,1.554605256509749428e-02,1.753140180455549021e-02,1.877833405094601546e-02,9.862593668412633630e-03,9.381261478082098329e-03
5.337326883902576702e-01,2.117162419046015043e-01,1.870046658922840110e-02,7.267639941660401781e-02,3.267068945390792789e-02,3.133194832573942684e-02,3.757529596715671050e-02,2.257770062354456236e-02,2.162275195733187952e-02,1.739581737162791339e-02
7.772219988132057431e-03,4.001704630917903849e-01,2.429717369134710703e-01,5.240735844464851356e-02,2.577041424139957237e-02,1.667846609607871178e-01,2.676914967349381877e-02,3.222652284151596852e-02,2.919790851307392868e-02,1.592956533168751049e-02
7.697139099542119611e-01,6.546347285542945815e-02,2.050061515244390106e-02,2.361025086890401400e-02,2.108290870949356549e-02,2.343880108705867840e-02,2.349347727982047454e-02,2.454785380256142499e-02,1.355508330320277094e-02,1.459362698687369057e-02
5.974988695067103006e-02,7.402415532806716492e-01,5.649405163310720330e-06,6.241416738245696150e-02,2.328577986796261887e-05,4.538285829072299910e-05,1.232897684290761194e-02,2.631574865431127934e-04,1.158549855927918070e-04,1.248120850278347932e-01
1.249826777801384819e-01,1.350682741101719431e-01,3.097687327176766314e-01,2.629046078361002223e-02,9.956488733921367573e-02,1.360666589377241553e-01,4.068953776140066259e-02,6.350238301629357318e-02,4.174233611734091964e-02,2.232405143642995568e-02
2.537828387944959241e-01,7.304349497044951289e-02,2.345541693633608829e-02,2.529444080194905298e-01,4.931195780888048691e-02,1.168362082061073920e-01,4.480623104797453599e-02,1.338879971965766247e-01,1.487123358566032512e-02,3.706021343402861323e-02
5.895184803315141053e-01,1.284079675632118500e-01,1.789709278158450531e-02,7.976744287296694269e-02,2.705497034704131692e-02,3.602562483870785925e-02,4.528123684219509393e-02,3.559585918260785992e-02,1.869677266616026623e-02,2.175455257401021081e-02
4.855795250185078737e-01,1.441784300097580795e-01,4.292253515512203105e-02,6.495938515602885099e-02,5.989124616661255923e-02,5.761659835946218028e-02,4.581406125127852197e-02,4.301918790251293284e-02,3.188210968270852042e-02,2.413692129800849157e-02
3.366705379619627236e-01,1.846431688123970072e-01,1.064013828941571677e-01,5.280297511469644878e-02,6.907611933313199948e-02,8.707934124645871909e-02,4.892442956464642528e-02,5.199233022308735741e-02,3.665657043479191718e-02,2.575314441467028634e-02
8.366853906433318055e-01,1.956539981730565439e-02,3.844708591255691088e-02,4.370876633882944499e-03,3.013392157022764042e-02,2.189650772156466474e-02,1.030479926433478834e-02,2.198934041484697580e-02,1.010580403154246430e-02,6.500873990406036591e-03
8.296640198154887624e-01,2.756750044111605513e-02,2.652747956097688264e-02,8.599720820658201051e-03,3.046633596678218620e-02,2.104876718635044497e-02,1.511654879386754684e-02,2.228139965854417787e-02,1.040458794720375453e-02,8.323639809011970994e-03
7.867304280348716983e-01,6.002135822486419359e-02,2.695182533066309630e-02,1.286923661037967306e-02,3.392716833707875440e-02,2.192582576753461521e-02,1.641013795598171218e-02,1.948464557340896103e-02,1.325532304632857580e-02,8.424051118888666381e-03
4.223916275120336294e-01,2.372376883502069767e-01,2.337991053245406722e-02,1.037032713132310380e-01,2.960306865222745928e-02,4.521021850786680063e-02,5.221283854724169393e-02,3.808934634342595743e-02,2.055156861432763313e-02,2.762046162698493165e-02
6.894704249731883894e-02,1.741483612050071308e-02,3.958408647633979149e-01,1.125475831629661749e-02,1.774769976138587391e-01,1.544806458883718758e-01,2.441384457172286401e-02,1.000787371891208866e-01,3.379501758063935268e-02,1.629725545877227719e-02
2.079306601157394629e-01,2.145427975934326159e-01,7.912896360144035246e-03,3.622200124348552985e-01,1.401365530898450798e-02,4.809136314099740628e-02,5.865753825963990892e-02,4.748756725860557582e-02,1.204177683082349910e-02,2.710173269677796162e-02
4.667725999058838227e-01,1.791687860694456957e-01,4.292643804570837190e-02,6.293569970239992761e-02,5.662756093603000390e-02,5.396221836276499095e-02,4.540160005385745351e-02,4.047324878607254373e-02,2.995858473969072525e-02,2.177326339814665904e-02
4.454804278894974323e-01,2.784946058105235503e-02,1.633617174120897686e-01,1.313639730819169196e-02,1.139230305241613478e-01,7.947016373949250534e-02,2.901314841034398351e-02,8.018367527812929330e-02,2.871979207209132690e-02,1.886218678495020853e-02
8.749870748843160406e-01,1.701178497775977447e-02,2.214552963572883129e-02,4.856301296210719515e-03,2.516690369929725293e-02,1.490825921861675327e-02,9.561061543176933158e-03,1.768228322407719433e-02,8.345666393646101675e-03,5.335135127170206187e-03
3.045645571860491896e-01,2.068657562573194830e-01,2.990534990061348777e-02,1.460024845050612863e-01,5.702602438159832393e-02,6.825204980361333773e-02,6.626907515841679031e-02,5.234614556353781034e-02,3.557710845488286366e-02,3.319144878890735451e-02
5.592715827630232450e-01,8.960647312335019710e-02,4.655605595295573412e-02,4.203884371707633516e-02,6.328946558118428434e-02,5.900088263253708276e-02,3.949410799876472422e-02,4.936705705798324906e-02,2.946643212067597689e-02,2.190909905244911582e-02
4.467249076532694430e-01,1.963557378407737586e-01,2.703615601525165280e-02,9.669971303926547246e-02,3.880780879707299708e-02,5.238500985553613126e-02,5.330153381162962278e-02,4.065585343731858980e-02,2.338753070451078317e-02,2.464574884537153524e-02
1.405282479977947585e-01,3.864106500219103291e-01,4.662753513920613740e-02,1.493782347474356953e-01,3.110958133176239260e-02,7.795721300536698206e-02,6.306997873127802301e-02,4.287830275107645805e-02,2.763686428673432435e-02,3.440339198743488230e-02
8.012246443218118408e-01,4.796985544560392056e-02,1.688475698361642519e-02,1.987208879756249824e-02,2.669905341866064125e-02,2.012109746075319353e-02,1.969983640062156552e-02,2.498926562608364682e-02,1.195871568713845548e-02,1.058068585814763568e-02
6.819297508992878676e-01,1.658892138613242070e-02,7.371820067963205658e-02,8.936536338080870723e-03,6.224005717162053863e-02,5.015520420963867632e-02,2.056499970157395565e-02,5.826544204029860535e-02,1.569166090772256342e-02,1.190922666601249187e-02
9.703684007031189163e-01,9.618062669515531696e-03,2.342778490728315410e-03,2.109558693195132031e-03,3.449047679492635559e-03,2.503908371387504519e-03,2.952072636273754200e-03,3.352432872199685981e-03,1.836512633750959911e-03,1.467225250337368626e-03
2.413568738238862366e-01,3.600664510593062917e-01,1.061138304280000340e-02,2.171090723058936300e-01,1.648380675210791083e-02,3.562264294686652566e-02,5.641408657449095698e-02,2.384576800869310856e-02,1.737387731122396958e-02,2.111603817473128863e-02
5.462891897990972412e-01,9.294703544886002283e-03,3.498979077695395928e-02,2.882960444366789929e-02,1.067307168352307073e-01,9.426453696149234007e-02,1.472674836382143956e-02,1.410432234619412029e-01,1.040264078746003934e-02,1.342884502544914975e-02
2.134601444037687867e-01,2.123236346375791950e-01,4.835099903175436864e-02,1.638694336891438064e-01,5.736961631183624954e-02,1.440489279924336008e-01,3.371689220101946327e-02,7.634081319556973444e-02,2.488614572552808393e-02,2.563339281136686049e-02
2.531244942264872580e-02,6.891054839445412417e-02,5.577271160728461963e-01,9.967886856166554774e-03,7.895053457962553090e-02,1.457194527063073730e-01,1.878476637841245550e-02,5.114078075801747197e-02,3.156335189167852606e-02,1.192311293984299643e-02
8.060456196714966826e-01,4.834692941322201593e-02,2.074623460802183308e-02,1.586705791058688753e-02,2.643963689869894412e-02,1.969752502871919761e-02,1.873022565904066544e-02,2.230547546663834771e-02,1.155976203023289378e-02,1.026153331334250275e-02
7.445546404929439532e-01,8.064224028419895995e-02,1.717341598551405668e-02,3.027023949309576301e-02,2.678429425418961396e-02,2.260401660149667646e-02,2.522243699838399092e-02,2.387213640029339778e-02,1.525854327005522933e-02,1.361803621982828755e-02
9.432239366309510542e-01,1.160463442183797336e-02,7.608272102467663819e-03,2.602229701080779976e-03,9.739000413817084159e-03,6.017746967421153635e-03,4.878723213121549662e-03,7.344555427962026935e-03,4.033790059836019591e-03,2.947111061504824759e-03
3.668394975737404584e-01,1.523696402670225158e-01,8.657109903830476072e-02,6.964213786734986533e-02,6.582081216684107505e-02,8.572365304246037931e-02,4.877915661461582758e-02,6.731660990306509440e-02,3.176941785287985820e-02,2.516797567372009228e-02
8.928535179384557985e-01,1.707069384745745280e-02,2.135529832184504193e-02,3.785986674146608628e-03,1.913458039154367074e-02,1.218900683461090519e-02,8.299391046558812074e-03,1.429620590556226166e-02,6.244431957127712096e-03,4.770887082691601527e-03
7.307890757841200013e-01,9.543961497072166178e-02,2.029298743771199010e-02,2.937511258789319082e-02,2.830447855672155177e-02,2.389565736275993391e-02,2.351596401095448069e-02,2.029307786116042733e-02,1.602201772545604544e-02,1.207201370250091457e-02
8.902440539589286939e-01,2.656529968166979061e-02,1.169282200679351916e-02,7.335044529923776500e-03,1.755874034239217341e-02,1.107963519406233999e-02,1.020829564825315693e-02,1.263619262246092230e-02,6.960577936836080844e-03,5.719338078679464012e-03
4.490049467603851041e-01,1.153071058366933743e-01,9.240732523846663382e-02,3.813677462890208147e-02,6.837005259753251019e-02,8.033013132573463277e-02,4.027840233971582973e-02,6.157345509154559665e-02,3.142974866805901130e-02,2.316205751296523951e-02
6.878671711561498148e-01,5.275931189424971912e-02,4.424148305702464007e-02,2.012155694300131123e-02,4.230539352351435356e-02,4.769292762827270771e-02,2.891496133468083804e-02,4.246897730969026452e-02,1.771356865228645647e-02,1.591464850112996390e-02
9.641362689719041867e-01,6.745988412226578031e-03,4.774044964116631873e-03,1.414562016359126578e-03,7.193120052290683832e-03,3.615664582961108844e-03,2.977701236629557661e-03,4.920808819726163290e-03,2.473180463840711236e-03,1.748660479945133520e-03
4.872275878181108189e-01,1.146035257950329816e-01,9.965381092113395622e-03,1.749122984291353045e-01,4.428035432669899518e-02,5.781114663135204779e-02,2.768018736757827183e-02,4.874030617729276094e-02,1.477200329394782845e-02,2.000720906873748248e-02
8.120040238887654693e-01,5.553743391697586046e-02,1.735863012522083360e-02,1.513567574140977680e-02,2.516345739133041964e-02,1.855782711436877036e-02,1.734134350400073216e-02,1.828100269277806514e-02,1.070274439079731479e-02,9.917861234352808031e-03
4.446854720966999519e-01,1.199851381468463318e-01,1.035254668973690367e-01,3.725873910336977707e-02,7.305431360757910775e-02,7.081012855946543227e-02,4.254383063950935295e-02,5.180473975114566199e-02,3.297533180002209380e-02,2.335683939799342024e-02
3.267634403149893285e-01,1.434710537740659653e-01,9.362796154717469010e-02,6.657728324468212278e-02,7.946292133549093251e-02,8.681491259878883204e-02,5.825698270281100960e-02,7.288288977273653380e-02,3.807399413155650170e-02,3.406856057770399349e-02
7.130756195724492486e-01,1.111202389450542949e-01,9.356234753847992441e-03,5.214243032632819713e-02,1.956339277165351775e-02,1.921902691492797383e-02,2.829911451798723665e-02,1.840249704980772769e-02,1.430837577363496677e-02,1.451306937430885992e-02
9.607570336973342284e-01,5.312241290128689834e-03,7.131617646198404499e-03,1.097557990648275091e-03,8.582059632586723844e-03,4.236955809302131969e-03,2.861390358489534613e-03,5.510853155219033392e-03,2.747720479414156747e-03,1.762569940678830908e-03
3.804054686815937919e-02,4.255229795125359815e-01,1.122006063598181558e-01,1.015981070720892998e-01,3.789910867665036848e-02,1.266126921967957453e-01,4.770527347027191806e-02,4.051433068171384627e-02,4.272063327622015183e-02,2.718572188574519544e-02
4.442797400084257387e-01,2.563045193944321065e-01,2.407753737480678249e-04,2.138552858845956528e-01,1.088480309480824174e-03,1.469708289369467315e-03,3.634156030487498829e-02,4.432994088252395840e-03,1.770998459060742301e-03,4.021593788775994216e-02
2.918408040137628334e-01,8.068715334486036006e-02,1.937168117431337100e-01,2.953717475147004529e-02,1.311186766781287649e-01,1.052453253551525469e-01,3.693046273182211403e-02,7.548332151104381049e-02,3.437764338098037858e-02,2.106262648964548831e-02
7.541231945705989537e-01,4.200359261778974923e-02,2.951913253666314796e-02,1.873542325615954948e-02,4.182759633369129149e-02,3.005665319355538961e-02,2.300824977014221881e-02,3.367905224268956388e-02,1.529692817369649425e-02,1.175017730501352713e-02
6.336085422216691798e-01,6.331977443727923593e-02,4.420429392052842993e-02,3.075574268009982279e-02,5.775604222207628841e-02,5.132935120374563370e-02,3.228868028950573205e-02,4.565001152761497677e-02,2.348039770133316523e-02,1.760716379614751456e-02
3.688394039978201699e-01,7.134644751083150938e-02,1.518904993352974131e-01,2.561232453274762955e-02,1.030635148436736953e-01,9.995579124615140698e-02,4.063695489164354663e-02,7.408533517367550669e-02,4.038550605014349509e-02,2.418422241801542610e-02
7.084445620529286058e-01,5.726796176317840853e-02,5.784062448377513821e-02,1.354562274063812743e-02,4.334513789658663713e-02,3.462163315724602758e-02,2.166696024923933650e-02,3.259481379882467333e-02,1.802402357494761742e-02,1.264866028263533261e-02
2.494597243009178955e-01,1.895211458227193946e-01,8.899616774946933484e-02,8.902043518902442998e-02,7.553658472369891019e-02,1.171710048746268246e-01,5.403280026747853126e-02,7.529204880347589723e-02,3.274312646524056569e-02,2.822696180334821614e-02
5.688464375005487794e-02,2.851159286220225075e-01,2.243146314477512671e-01,5.321361493485448485e-02,6.086318871125813434e-02,1.699198375462316613e-01,3.773040520829008815e-02,5.092525364102278712e-02,3.889092732467427233e-02,2.214156881383990902e-02
8.976748149483559924e-02,4.376037220872653483e-02,4.563838233088920449e-01,1.447300450169177084e-02,1.392590039718776262e-01,1.118776014072759700e-01,2.709650744378187120e-02,6.870384901838400005e-02,3.307366434906912345e-02,1.560469229546548528e-02
2.767678155878981472e-01,8.352609805515473496e-02,1.623313495559518538e-01,4.155532264940913628e-02,9.752594173047733628e-02,1.557820327409236427e-01,3.061141219144717512e-02,9.982786621811090555e-02,2.710973053845334643e-02,2.496243073217386393e-02
7.640606385474508766e-01,5.425735211530219315e-02,2.827763356118467158e-02,1.731923024655126347e-02,3.406124295779827671e-02,2.521327061432004218e-02,2.159712391709365381e-02,2.825372768209385640e-02,1.479769140418743176e-02,1.216208895401769095e-02
6.693868443778621113e-01,1.037297071256717274e-01,2.215767982093525684e-02,3.988333843239775384e-02,4.089479624696439747e-02,3.081364053964677496e-02,3.021374132126456238e-02,3.002278270337678523e-02,1.865866825004928661e-02,1.423880118183135958e-02
5.934632952929365102e-01,1.440121447874966321e-01,8.421522172036828222e-03,1.027661992968408738e-01,1.223289701335700426e-02,2.189102059642531947e-02,4.894033118439991559e-02,3.413687544444703181e-02,9.862497287654221206e-03,2.427321692440553152e-02
4.436243530191877893e-01,1.837441770235335448e-01,1.844798691768180163e-02,1.272152110864039898e-01,3.617534681782792055e-02,4.127469534458939188e-02,5.823133096690021743e-02,4.127814079579834872e-02,2.208640278653274669e-02,2.792235524154419724e-02
8.524993802276977783e-01,4.734008723856524686e-03,4.067747321473284133e-02,1.789021983107588623e-03,3.659755247530654260e-02,1.938625507079241861e-02,6.207027530091598598e-03,2.803748972952727417e-02,5.869039049899175443e-03,4.202751994988225721e-03
3.672455353751551410e-01,1.964828882403441834e-01,3.578550947330008669e-02,1.089577680797855358e-01,4.993390025886380867e-02,6.161367546845293586e-02,6.808233060049376228e-02,4.987896533701732804e-02,3.058855857403050896e-02,3.143086859255690008e-02
7.606989792107108350e-01,6.114866250134160658e-02,2.604161290771484297e-02,2.018763994896810229e-02,2.786938048289415784e-02,3.004686931406824052e-02,2.052632822872971913e-02,2.689824067553320958e-02,1.504898030717935140e-02,1.153330642285987050e-02
5.861563438320381847e-01,1.312803978242551572e-01,1.263518729493983209e-02,8.985418498903523232e-02,4.010164004084280226e-02,2.700215152095695667e-02,4.301130956871945799e-02,3.095144993327591035e-02,1.930681893984681138e-02,1.970051605608963072e-02
3.927999070110629320e-01,1.680184800571296877e-01,9.087127087389297586e-02,4.486571690292290998e-02,7.401594490850348096e-02,7.870445541002585310e-02,4.261256085461518489e-02,5.307810489247058450e-02,3.311228599150512625e-02,2.192127309787118492e-02
2.141914749284144770e-01,8.772384373688224546e-02,2.208247816630297400e-01,2.979117339711350593e-02,1.498331487899695058e-01,1.109670936969170685e-01,4.234781841653462858e-02,7.813577372377671082e-02,4.238810853321930971e-02,2.379678311414276312e-02
8.254287726248679125e-01,2.835811438166291679e-02,2.833137110892617813e-02,7.920428170958162747e-03,3.233693204566993190e-02,2.241114478573894356e-02,1.277672947018221490e-02,2.287078337689726210e-02,1.183394278363707718e-02,7.731781251459579792e-03
5.193758035346137669e-01,2.254225326270062890e-01,2.524152986779004335e-02,6.474906077208011923e-02,2.853764173391573622e-02,3.434847147415572011e-02,3.646181086969881024e-02,2.588245850019093089e-02,2.212576490799265591e-02,1.785492571255598709e-02
6.584817007719676596e-01,9.105846442481133063e-02,2.024401768705670276e-02,5.289978922590145294e-02,3.433530382513054480e-02,3.228793334371703183e-02,3.940815002248695964e-02,3.441049457236645265e-02,1.828685463988653434e-02,1.858729148667539674e-02
3.971303420201701684e-01,2.642915662213312644e-01,3.841989584871579461e-02,6.975907240722983849e-02,4.511692985943244194e-02,4.814006531665395577e-02,4.620212181064959484e-02,3.636229629312597716e-02,2.836187605626293295e-02,2.621583416642818756e-02
3.837108407238660202e-01,8.733197184606179830e-02,1.219737267002829056e-01,3.497686575992510483e-02,1.141039131510150073e-01,8.365635034088510225e-02,4.430909441768906415e-02,7.178919254830429253e-02,3.515111396559665591e-02,2.299693054637411138e-02
1.718754404129193003e-01,2.954773779441562387e-01,1.182015229784917076e-01,8.293502526937844566e-02,5.892134948495854341e-02,9.705325876588716261e-02,5.418178171508662017e-02,5.077000615542293094e-02,4.120315037429587296e-02,2.938108689940319845e-02
3.777998909645293169e-01,3.353546278945074288e-01,3.935414841872930669e-03,1.590622301278194761e-01,1.000665266931237939e-02,1.380993671107462115e-02,4.523676002473055180e-02,1.520052208723377159e-02,1.160917507543170191e-02,2.798478960348779049e-02
2.509641284647308179e-01,1.622912852548560880e-01,1.093478615074920668e-01,7.230741495396952878e-02,8.430074976785567609e-02,1.057816297721557580e-01,6.065137932743834559e-02,7.915264029244796495e-02,4.101717528924688633e-02,3.418573536980679811e-02
4.000499815825520611e-01,1.227622770789555257e-01,6.455131811216181792e-02,6.431663384799293781e-02,7.614183340416634527e-02,8.774315755484360380e-02,6.146959341621255346e-02,6.257392506704137491e-02,3.351980784151472464e-02,2.687147209455907626e-02
5.149369479624794632e-01,1.871683764287567220e-01,1.251987376782841797e-02,1.029364050782115986e-01,2.932261696225705108e-02,2.938503246374140482e-02,4.752122023277127044e-02,3.080063029815901035e-02,1.892376720142420130e-02,2.648512960437092098e-02
6.651262374679064449e-01,1.206228028854422783e-04,7.044761805763452133e-04,2.356738376658991732e-02,4.769328201268718814e-02,7.883448432725378985e-02,5.276556402398515071e-04,1.810814066993782501e-01,4.679852236462035252e-04,1.876465878836602571e-03
