Sample_id,Class_1,Class_2,Class_3,Class_4,Class_5,Class_6,Class_7,Class_8,Class_9,Class_10
1,0.1808939504,0.1290260161,0.3879746380,0.0244810822,0.0376840031,0.0856756150,0.0976257986,0.0021300192,0.0356520968,0.0188567805
2,0.1182992815,0.0773422382,0.2665026395,0.0468734117,0.0497861925,0.0902656280,0.0485900944,0.0167698908,0.2678828370,0.0176877864
3,0.7157661809,0.0169832061,0.0027382207,0.0041097309,0.0390199002,0.0154645747,0.0341617717,0.1534477568,0.0012557606,0.0170528973
4,0.8971105002,0.0597953330,0.0018400439,0.0014056169,0.0138065786,0.0016648677,0.0119643248,0.0058594485,0.0002285810,0.0063247054
5,0.8370276083,0.0267454456,0.0017425819,0.0052158743,0.0135171458,0.0672469473,0.0101934710,0.0186561705,0.0013474236,0.0183073317
6,0.1835180078,0.0007704295,0.0013013723,0.0039387523,0.0516403214,0.0239484156,0.0175751356,0.7100051681,0.0002560699,0.0070463275
7,0.1612133737,0.0957179245,0.0431463606,0.0479673357,0.1145526743,0.1253006738,0.1166025348,0.0131928821,0.2622275863,0.0200786541
8,0.6355294353,0.0218196595,0.0028630415,0.0067504853,0.1883065883,0.0065518502,0.0638890918,0.0590317540,0.0018539697,0.0134041243
9,0.9119295775,0.0034516533,0.0010572563,0.0014924008,0.0169392946,0.0092830977,0.0132201513,0.0356049354,0.0007985014,0.0062231317
10,0.3988356358,0.5132014332,0.0146854889,0.0134225958,0.0067224770,0.0178294842,0.0068393388,0.0073349563,0.0183278722,0.0028007178
11,0.7811895085,0.0347206722,0.0020556146,0.0026136797,0.0496363944,0.0142572736,0.0642263303,0.0363084890,0.0009166066,0.0140754311
12,0.2850709862,0.0249757557,0.0209748242,0.0589114392,0.2379002735,0.0192727916,0.1078245073,0.0685240029,0.0064550945,0.1700903248
13,0.7808057004,0.1276117009,0.0183010247,0.0044032918,0.0066180233,0.0115969634,0.0171393798,0.0069647728,0.0011693405,0.0253898025
14,0.3995784291,0.0709577248,0.0074296900,0.1073088955,0.1793091416,0.0608471112,0.0263006477,0.0621203393,0.0510229369,0.0351250840
15,0.2689804935,0.0269567579,0.0031984864,0.4881438183,0.1091223122,0.0221568987,0.0471679430,0.0228873006,0.0017403017,0.0096456876
16,0.5236626307,0.0284143065,0.0051231755,0.0967878268,0.0447206249,0.0143530629,0.0436797053,0.2116147015,0.0025046851,0.0291392808
17,0.2521947702,0.1922192432,0.2911992953,0.0395069671,0.0711363486,0.0515398683,0.0223561887,0.0064625474,0.0511813434,0.0222034278
18,0.9314281494,0.0555089006,0.0014061281,0.0001999909,0.0040363245,0.0005213672,0.0034884820,0.0011515554,0.0003597925,0.0018993094
19,0.1343320966,0.0151595530,0.3134997236,0.0226637484,0.0377705250,0.3745412244,0.0167265775,0.0169697704,0.0490694958,0.0192672855
20,0.2758253163,0.6657430706,0.0022813858,0.0047424054,0.0086328458,0.0073825223,0.0181966260,0.0009609223,0.0126938586,0.0035410469
21,0.2873485805,0.6269942254,0.0631627865,0.0030526816,0.0012862602,0.0009158640,0.0113715688,0.0010896254,0.0019373804,0.0028410272
22,0.6044978506,0.0157802149,0.0224327988,0.0191176278,0.0520021958,0.0848302236,0.0669695097,0.0746998634,0.0115369390,0.0481327765
23,0.7920169215,0.0223906489,0.0101698776,0.0606376884,0.0596904651,0.0079312737,0.0110360040,0.0172541884,0.0010849904,0.0177879419
24,0.3565843231,0.1429536399,0.0320258402,0.1751492275,0.0129870144,0.0460920793,0.0683918571,0.1166362821,0.0035148878,0.0456648486
25,0.6758019619,0.1467222491,0.0907065164,0.0123522075,0.0093065457,0.0113829089,0.0182510635,0.0268150282,0.0009375562,0.0077239626
26,0.1381841005,0.1206836913,0.0159708061,0.5658382604,0.0380873522,0.0457368893,0.0450682729,0.0048691201,0.0033291468,0.0222323605
27,0.0304115860,0.0946108212,0.7320499327,0.0335105227,0.0073155887,0.0717017085,0.0130026506,0.0006800347,0.0129806186,0.0037365360
28,0.1400197474,0.0021774732,0.0111174901,0.0058473461,0.0729664416,0.0188728295,0.0167683849,0.7022200487,0.0134253612,0.0165848773
29,0.3714437510,0.0052671024,0.0048908146,0.0148301136,0.0914638473,0.0819174037,0.0470046281,0.3090421918,0.0526697863,0.0214703613
30,0.8134320614,0.0220788639,0.0076581158,0.0065222298,0.0470986198,0.0215621833,0.0375876448,0.0385275868,0.0007106612,0.0048220331
31,0.2371227047,0.1240556944,0.0106894764,0.4741988679,0.0133959938,0.0607711104,0.0225141396,0.0130568142,0.0021886721,0.0420065265
32,0.9456309531,0.0189438471,0.0023091013,0.0009820815,0.0177700429,0.0012619388,0.0070684265,0.0021259544,0.0000960833,0.0038115710
33,0.5122040075,0.0894297873,0.0115003240,0.0216646286,0.0153128338,0.0352048573,0.0609250119,0.1941544613,0.0025459242,0.0570581642
34,0.2524203370,0.0197298982,0.0112067755,0.0157188127,0.2116613675,0.1242122075,0.0607868839,0.1327478885,0.0980979594,0.0734178698
35,0.0678540182,0.0209902018,0.0046780190,0.6925204093,0.0314550498,0.0731388313,0.0623088158,0.0111448538,0.0041393368,0.0317704643
36,0.5128456978,0.0741858024,0.0553207977,0.1062606201,0.0248148964,0.0934664408,0.0357277224,0.0535691673,0.0014650735,0.0423437817
37,0.9636996459,0.0077198524,0.0008201416,0.0023311237,0.0069783967,0.0050419233,0.0057643814,0.0050756251,0.0001250530,0.0024438571
38,0.9182576364,0.0096192499,0.0011758970,0.0014133203,0.0306824963,0.0042651311,0.0202683357,0.0105065453,0.0005326911,0.0032786969
39,0.9158808600,0.0281339464,0.0022017732,0.0115376058,0.0134133461,0.0042507397,0.0041493960,0.0124390510,0.0003044470,0.0076888346
40,0.3306943015,0.3800934572,0.0124681619,0.1167606762,0.0544500046,0.0383764821,0.0383910488,0.0102731727,0.0074823410,0.0110103540
41,0.5638452554,0.0240663107,0.0027852834,0.0132146926,0.0890248240,0.0471497730,0.0668875492,0.0508748988,0.0036124498,0.1385389631
42,0.4538015243,0.5070415997,0.0045230270,0.0061223850,0.0089585746,0.0020964811,0.0074066226,0.0020964032,0.0030801760,0.0048732066
43,0.3600908126,0.0152573465,0.1153914444,0.0155776643,0.0822840610,0.1761079248,0.0503023297,0.1216527099,0.0163000003,0.0470357065
44,0.4436377372,0.0903554236,0.0510379210,0.0373979871,0.0498670211,0.0735085817,0.0371898118,0.1760716140,0.0165336469,0.0244002556
45,0.6866659258,0.0997018512,0.0208447144,0.0600930054,0.0119262724,0.0331345157,0.0269421265,0.0314922624,0.0048636038,0.0243357223
46,0.1539883537,0.8238519865,0.0066585681,0.0018319892,0.0077159746,0.0006806252,0.0038336633,0.0002567720,0.0003783279,0.0008037395
47,0.3531143851,0.5891618928,0.0029606484,0.0320219983,0.0094599338,0.0041426451,0.0054444666,0.0004560833,0.0023949009,0.0008430456
48,0.7507532870,0.1585887471,0.0056123903,0.0115198607,0.0248550161,0.0160993945,0.0207328751,0.0071874228,0.0005326492,0.0041183572
49,0.3982659897,0.0593501056,0.0089153079,0.1774730675,0.0460011644,0.0609945483,0.0396110733,0.1913588112,0.0017725770,0.0162573551
50,0.5001087395,0.1460499416,0.0037311602,0.0764475841,0.0264288425,0.1265437633,0.0667304311,0.0361204905,0.0057908388,0.0120482084
51,0.1813400657,0.7769114950,0.0162142890,0.0069551787,0.0023732509,0.0103975127,0.0028908055,0.0000548813,0.0023858890,0.0004766323
52,0.1328294413,0.0338056344,0.5868339573,0.0278658699,0.0960340409,0.0780120398,0.0234246698,0.0062455359,0.0099203753,0.0050284354
53,0.2828817569,0.1478955688,0.0214226480,0.2103478113,0.0665874142,0.0995316894,0.1304563517,0.0123221189,0.0083905812,0.0201640596
54,0.7052950990,0.0175896597,0.0005377830,0.0092938499,0.0292779188,0.0182305508,0.0310308015,0.1641616110,0.0010876422,0.0234950842
55,0.0034142214,0.0069234904,0.9642200890,0.0007254523,0.0014705240,0.0061809495,0.0018290859,0.0003044071,0.0147529493,0.0001788310
56,0.0595323954,0.0440471778,0.6625159027,0.0240974461,0.0443824443,0.0283038331,0.0213083227,0.0032645339,0.0971635251,0.0153844190
57,0.1093303287,0.1016464944,0.0634694009,0.0626931891,0.0989723991,0.1286662300,0.0533721676,0.0323801510,0.2654629580,0.0840066813
58,0.9270404522,0.0269924417,0.0026677505,0.0007312121,0.0203151952,0.0012183741,0.0076556384,0.0073236899,0.0004438472,0.0056113985
59,0.0178626050,0.0146484604,0.8214622144,0.0042470039,0.0111096088,0.0989822984,0.0034492115,0.0004138334,0.0266159685,0.0012087956
60,0.6311239358,0.1196083828,0.0148497050,0.0103186465,0.0249811583,0.0760266934,0.0696389351,0.0380772380,0.0021572077,0.0132180973
61,0.6385713509,0.0241236682,0.0027078612,0.0945157577,0.0575765651,0.0501241905,0.0691247327,0.0303077996,0.0029103051,0.0300377689
62,0.8114365638,0.0661625299,0.0142848483,0.0144667931,0.0245525115,0.0334782880,0.0138006102,0.0048193005,0.0028714172,0.0141271376
63,0.1916608645,0.1020688439,0.0203534007,0.4535954108,0.0802505122,0.0710980472,0.0319240941,0.0305173452,0.0040109235,0.0145205580
64,0.8437773205,0.0204575612,0.0064709070,0.0037314184,0.0699642554,0.0049842341,0.0171101063,0.0120435863,0.0015335030,0.0199271079
65,0.3875753995,0.0223047171,0.0095370556,0.1045437785,0.1171431204,0.2269604332,0.0712186927,0.0169718738,0.0373170146,0.0064279146
66,0.2077152079,0.6336673841,0.0147636385,0.0153645273,0.0130588635,0.0056628514,0.0252203180,0.0044624970,0.0023957771,0.0776889352
67,0.8732077567,0.0208024471,0.0029139148,0.0092411578,0.0059344850,0.0227661063,0.0099104044,0.0280534547,0.0083553674,0.0188149058
68,0.0564895799,0.6996701294,0.0106704314,0.1697756228,0.0137928238,0.0059762879,0.0405817361,0.0005373913,0.0003922802,0.0021137172
69,0.0959900258,0.8224151543,0.0051895449,0.0547288351,0.0097879068,0.0021698662,0.0086085884,0.0001390224,0.0003338379,0.0006372181
70,0.5653192009,0.1592421513,0.0499430903,0.0320591226,0.0452678815,0.0750293191,0.0335513052,0.0250732085,0.0020841096,0.0124306108
71,0.8429462344,0.0103769058,0.0020713003,0.0019010712,0.0101768124,0.0040016960,0.0058811927,0.1146780633,0.0002303506,0.0077363733
72,0.7144520263,0.0654316500,0.0046316732,0.0414002868,0.0903584879,0.0292695017,0.0199115486,0.0279628007,0.0014692979,0.0051127268
73,0.7468083706,0.0313885628,0.0058444558,0.0344549729,0.0236854904,0.0954197019,0.0118696539,0.0393793216,0.0006618602,0.0104876100
74,0.1975311203,0.0162685404,0.0134110520,0.0691639577,0.2701229449,0.0656438919,0.3031133097,0.0262229168,0.0035667137,0.0349555525
75,0.7092653843,0.0100611343,0.0015407047,0.0012300707,0.0175953093,0.0043849905,0.0152202919,0.2297129568,0.0031004839,0.0078886735
76,0.0847978120,0.4635689579,0.3779163564,0.0070247460,0.0098931489,0.0300198582,0.0149640140,0.0011190366,0.0063180529,0.0043780171
77,0.5727794472,0.1788232560,0.0073439582,0.0216085460,0.0154719675,0.1289819474,0.0166214284,0.0341154228,0.0021135504,0.0221404761
78,0.0454021391,0.0551821463,0.7478446379,0.0118466336,0.0098452000,0.0741227866,0.0103491693,0.0025022213,0.0360706856,0.0068343804
79,0.0659635176,0.0195102204,0.1478952035,0.0089785416,0.0290627759,0.1754543732,0.0268600894,0.0028071724,0.5055512412,0.0179168648
80,0.2702498769,0.0583318701,0.0194584295,0.1027566945,0.0451278066,0.0738687593,0.1081525648,0.0588878955,0.0262461576,0.2369199452
81,0.0755669006,0.0237770078,0.3506627435,0.0132278030,0.0347018139,0.2952000814,0.0314778587,0.0202925375,0.1329354545,0.0221577992
82,0.8369051312,0.0585361652,0.0007453358,0.0040913701,0.0107692656,0.0032630170,0.0683754207,0.0112852703,0.0019984673,0.0040305568
83,0.8826742747,0.0129560100,0.0004009407,0.0023806639,0.0091966321,0.0052389635,0.0318569721,0.0481066216,0.0029850071,0.0042039142
84,0.5979987452,0.2952156821,0.0039116798,0.0771174600,0.0065678040,0.0030807347,0.0124706560,0.0006104818,0.0007127516,0.0023140049
85,0.0060549553,0.0309886674,0.8284168166,0.0041534514,0.0033236245,0.0162449006,0.0046515705,0.0005343825,0.1049672440,0.0006643871
86,0.7428676604,0.0192056591,0.0177952719,0.0050163254,0.0526003404,0.0210256916,0.0540001063,0.0549033289,0.0037909515,0.0287946645
87,0.2812467565,0.0553779968,0.0036494846,0.4967190005,0.0393451483,0.0458034795,0.0684524750,0.0018341321,0.0007730261,0.0067985006
88,0.0202991056,0.1651420883,0.7414233455,0.0084841517,0.0059504763,0.0426295122,0.0063218191,0.0005449218,0.0035414302,0.0056631492
89,0.2634401252,0.0218212950,0.0346568022,0.2275661521,0.0774132819,0.1022287600,0.0635531954,0.1765231623,0.0044849093,0.0283123165
90,0.6821774638,0.0095323718,0.0027499338,0.0480476217,0.0219521910,0.1062699317,0.0405031128,0.0773229749,0.0009112872,0.0105331115
91,0.4661629272,0.0298748268,0.0236749316,0.0338120111,0.0861117987,0.2113633857,0.0375026664,0.0259621482,0.0061938170,0.0793414872
92,0.1019980445,0.3208575585,0.4405130373,0.0161217973,0.0297639087,0.0418635207,0.0321906731,0.0027405976,0.0093551686,0.0045956938
93,0.8006131982,0.0193509796,0.0020346023,0.0014637130,0.0546163818,0.0066639770,0.0389342693,0.0533997476,0.0025300758,0.0203930555
94,0.9146849776,0.0193200216,0.0114149127,0.0006103699,0.0183229325,0.0018674596,0.0216635195,0.0064593412,0.0019519354,0.0037045300
95,0.7897024444,0.0502204326,0.0004730679,0.0068212840,0.0642349588,0.0086113825,0.0643756763,0.0038988615,0.0052747469,0.0063871452
96,0.8453142542,0.0278192288,0.0038138095,0.0152561242,0.0070901002,0.0080333607,0.0238617558,0.0427746715,0.0004223947,0.0256143005
97,0.1608520842,0.0170456836,0.0121576796,0.0219350160,0.1454150156,0.5307525739,0.0352967113,0.0324015979,0.0375842526,0.0065593853
98,0.3776508682,0.0554385023,0.0433342353,0.2565249511,0.0198836055,0.1497206513,0.0341622863,0.0343282572,0.0019564770,0.0270001659
99,0.2274434627,0.5849445302,0.0148663122,0.0396927012,0.0380706550,0.0060288772,0.0743905290,0.0049838353,0.0052514470,0.0043276501
100,0.2233623308,0.0327766833,0.0807308547,0.0249036013,0.2229884588,0.1241624255,0.0800355905,0.1047600108,0.0692057909,0.0370742535
101,0.8719159604,0.0415746951,0.0017158514,0.0019928818,0.0300692442,0.0037795029,0.0273073981,0.0114374890,0.0012141257,0.0089928516
102,0.0959099222,0.0205575964,0.0041285573,0.4199831739,0.0829140399,0.1046606547,0.1695459213,0.0440917127,0.0036501400,0.0545582816
103,0.2948961121,0.0120798442,0.0094584888,0.0500132965,0.0925001437,0.1793342666,0.0562688003,0.0791502414,0.0396575695,0.1866412371
104,0.8151069976,0.0366846527,0.0013089720,0.0134364026,0.0238008359,0.0238309615,0.0419052341,0.0271890882,0.0014877758,0.0152490796
105,0.0884699023,0.2873805310,0.0176241249,0.5213704366,0.0123366197,0.0315222811,0.0324082642,0.0017883748,0.0041443623,0.0029551032
106,0.8875046798,0.0835391266,0.0030752836,0.0019759094,0.0069177433,0.0020751624,0.0051693356,0.0064133421,0.0019889307,0.0013404864
107,0.5701464826,0.0076182551,0.0034256899,0.0111060140,0.0702001835,0.0433183895,0.0322324452,0.2531482321,0.0031752739,0.0056290342
108,0.9682847543,0.0100479698,0.0003606659,0.0005443898,0.0044974679,0.0009834660,0.0083782068,0.0010178832,0.0002852729,0.0055999235
109,0.1448030722,0.5082155162,0.0249238517,0.1169627043,0.0707754700,0.0436040527,0.0585719338,0.0065065251,0.0042229736,0.0214139005
110,0.8304786196,0.0302784285,0.0054683709,0.0446411599,0.0193754151,0.0145200017,0.0137591618,0.0257035943,0.0006944283,0.0150808200
111,0.3253026242,0.2142676811,0.2016637818,0.0272448071,0.0235839214,0.0970111803,0.0255242565,0.0143674020,0.0561512824,0.0148830632
112,0.0342353786,0.7985286603,0.0786996365,0.0055958556,0.0082979795,0.0349424392,0.0115065991,0.0068881844,0.0173595250,0.0039457418
113,0.8890954626,0.0398440558,0.0010800024,0.0057651878,0.0165650480,0.0077735565,0.0132287707,0.0193197617,0.0019397749,0.0053883798
114,0.6687914955,0.0283507357,0.0033588989,0.0044639646,0.0223204955,0.0159661026,0.0364519450,0.1391992418,0.0152734310,0.0658236894
115,0.9622750180,0.0183522418,0.0014199336,0.0004579138,0.0040769321,0.0045971010,0.0027182580,0.0042024538,0.0005187222,0.0013814258
116,0.4809546465,0.0231474701,0.0081341065,0.0969010164,0.0529038347,0.0183035877,0.0922089100,0.1427990170,0.0095454598,0.0751019512
117,0.7953830974,0.0361489348,0.0373533533,0.0017573268,0.0755332327,0.0050766219,0.0210831424,0.0156020928,0.0037750516,0.0082871463
118,0.8991698094,0.0262183012,0.0159931129,0.0040369873,0.0226926813,0.0038577741,0.0178612320,0.0029060589,0.0009677533,0.0062962897
119,0.9559613320,0.0092338563,0.0013603041,0.0007966509,0.0182945101,0.0024416782,0.0078008771,0.0024753506,0.0002017687,0.0014336718
120,0.7507251149,0.0363376878,0.1040240580,0.0035662443,0.0342523458,0.0207590834,0.0202453279,0.0155959041,0.0023454955,0.0121487383
121,0.7138601168,0.0230297731,0.0020977285,0.0030340768,0.0158834566,0.0129419713,0.0170540836,0.2062851504,0.0003026150,0.0055110279
122,0.9461459260,0.0295137113,0.0002154319,0.0008191428,0.0090951533,0.0023921095,0.0075569811,0.0016407836,0.0004561894,0.0021645712
123,0.1590468372,0.6319267409,0.0236481373,0.0795664876,0.0283094031,0.0249650943,0.0165127382,0.0020377879,0.0038045485,0.0301822250
124,0.8952898365,0.0339634342,0.0013971240,0.0045806063,0.0218258381,0.0032712350,0.0236171277,0.0065973059,0.0007404345,0.0087170577
125,0.0643090048,0.0291049048,0.6884473743,0.0057711578,0.0977286216,0.0327813761,0.0571317682,0.0060661509,0.0120975369,0.0065621045
126,0.2316048080,0.1686992802,0.0297763763,0.1147892513,0.1852908396,0.0737005249,0.0812748260,0.0058656064,0.0885704974,0.0204279900
127,0.7255366199,0.0234389553,0.0089980149,0.0062235166,0.0497051289,0.0253385421,0.0360719958,0.0505477582,0.0036494071,0.0704900612
128,0.9637407786,0.0160704743,0.0012318871,0.0015918709,0.0043731128,0.0053991277,0.0044306510,0.0018676632,0.0001006884,0.0011937460
129,0.0441864939,0.1794413808,0.4135587185,0.0650275306,0.0058460810,0.1053082060,0.0191458150,0.0038947355,0.1535878596,0.0100031791
130,0.3593058796,0.5814085988,0.0026297873,0.0192950519,0.0082252253,0.0051779917,0.0192548743,0.0007374501,0.0003881146,0.0035770265
131,0.1131678741,0.0196634326,0.0176013112,0.0323569187,0.6029694781,0.0940094328,0.0579034644,0.0067347648,0.0497572349,0.0058360885
132,0.7745479908,0.0093992918,0.0016670484,0.0007930949,0.0305170771,0.0054650202,0.0298395617,0.1380737740,0.0016476058,0.0080495353
133,0.8904719481,0.0055003106,0.0013574556,0.0047665292,0.0258101264,0.0206207861,0.0117687672,0.0244118842,0.0017494660,0.0135427267
134,0.2051767316,0.0589870080,0.0283043884,0.0158424552,0.2384555771,0.1304008572,0.0813138066,0.0371582406,0.1469727393,0.0573881962
135,0.6337959975,0.2184188113,0.0201087634,0.0054699751,0.0713079442,0.0118216991,0.0299554268,0.0008452207,0.0022279781,0.0060481840
136,0.0637342880,0.0505241070,0.0106432013,0.6575744852,0.0484030633,0.0972534340,0.0271487788,0.0253051096,0.0026658335,0.0167476994
137,0.0451801401,0.0222948531,0.0305479764,0.0090525993,0.0136095514,0.8049501685,0.0262697130,0.0021519037,0.0439726552,0.0019704393
138,0.0690268640,0.0140174365,0.8551898761,0.0060578350,0.0145305693,0.0191799052,0.0046855713,0.0006041378,0.0157986639,0.0009091409
139,0.1766116349,0.0189875054,0.4912224408,0.0234990393,0.0636179481,0.1354810495,0.0285113055,0.0143695996,0.0219642144,0.0257352624
140,0.7731144478,0.0273098261,0.0039040450,0.0361810293,0.0180561076,0.0114438664,0.0240881603,0.0691151771,0.0010808237,0.0357065168
141,0.8144426401,0.1125866731,0.0010591660,0.0088841022,0.0137049813,0.0046287090,0.0198176782,0.0150894134,0.0069946994,0.0027919370
142,0.5445676491,0.0834557931,0.0057123476,0.0461979633,0.0322697098,0.0119117029,0.0684843102,0.1304623362,0.0028748016,0.0740633863
143,0.4747193508,0.1615779891,0.0117250620,0.0298158436,0.1071335067,0.0151345667,0.1446617397,0.0250940133,0.0126001445,0.0175377836
144,0.8524844292,0.0165176205,0.0007900692,0.0024322393,0.0238756132,0.0053248107,0.0164238070,0.0791778809,0.0003188284,0.0026547017
145,0.2791775911,0.0402797832,0.0429611304,0.0716363580,0.0509318484,0.1867577937,0.0921663134,0.0205547193,0.0176568351,0.1978776275
146,0.6847392880,0.0185174428,0.0018872906,0.0010566043,0.0125289213,0.0027220922,0.0218071731,0.2474364620,0.0032387223,0.0060660034
147,0.4869976973,0.2789724175,0.0044878403,0.0316344681,0.0297758226,0.0048817693,0.0907322694,0.0583452106,0.0059733618,0.0081991431
148,0.7624846395,0.0274687088,0.0020794653,0.0327263221,0.0807902372,0.0564100797,0.0162955201,0.0161874536,0.0018818000,0.0036757735
149,0.1373680404,0.1427126161,0.2450211618,0.0208372205,0.1944882243,0.0338619007,0.0235988378,0.0017936533,0.1947271406,0.0055912047
150,0.7367359464,0.1841669951,0.0353487949,0.0012885706,0.0160845628,0.0026647865,0.0086828953,0.0055005630,0.0007415271,0.0087853582
151,0.4461153388,0.5330553241,0.0037551849,0.0042407722,0.0022225971,0.0009183876,0.0078661826,0.0008050721,0.0004247907,0.0005963500
152,0.4834371710,0.0120708987,0.0081127127,0.0968114535,0.0749907906,0.0734226951,0.0729848624,0.1152964411,0.0394414903,0.0234314845
153,0.1029889403,0.8725485859,0.0077247609,0.0059833974,0.0043391503,0.0008358990,0.0035076456,0.0009948631,0.0003915306,0.0006852271
154,0.2037417262,0.2446051954,0.0274620249,0.1733782197,0.1672787397,0.0917554030,0.0604388176,0.0060864334,0.0087736621,0.0164797780
155,0.0929365559,0.0856449006,0.0357205318,0.1432708107,0.0783077741,0.3474798446,0.0623162946,0.0054820373,0.1376973123,0.0111439381
156,0.9568066164,0.0153763406,0.0025808821,0.0046097714,0.0059374050,0.0035514435,0.0042158420,0.0031551049,0.0003758174,0.0033907767
157,0.1800504496,0.0264237989,0.0385193629,0.0179513703,0.0716256926,0.2276513596,0.0993625363,0.1720022090,0.0109174952,0.1554957257
158,0.5800874616,0.0638518811,0.0026515610,0.0180943844,0.1128734011,0.0492797042,0.0639519783,0.0961450462,0.0048300824,0.0082344998
159,0.5668157961,0.0482615274,0.0051403053,0.0397415991,0.0758376218,0.0588538830,0.0870809849,0.0924652424,0.0076422280,0.0181608120
160,0.7021626899,0.0208693642,0.0030476818,0.0459973416,0.0479215905,0.0476752505,0.0587177109,0.0351028352,0.0097858125,0.0287197229
161,0.5160009415,0.0339728895,0.0098162662,0.0131020661,0.0923943893,0.0161892205,0.1751637761,0.0993847382,0.0059504708,0.0380252417
162,0.4676581034,0.1147583688,0.0100430391,0.1265886987,0.0329995947,0.1450552296,0.0746334538,0.0072286818,0.0067491458,0.0142856843
163,0.6834558490,0.0107635564,0.0058869104,0.0071845073,0.0738878655,0.0281911720,0.0439919660,0.1210025608,0.0040544827,0.0215811299
164,0.2364323337,0.4573812719,0.0329116042,0.1215531889,0.0035763731,0.1179343563,0.0191335736,0.0050005019,0.0010382258,0.0050385705
165,0.1639975450,0.0330501551,0.0282640415,0.1881795284,0.1576391664,0.1271389166,0.0780128231,0.0484348224,0.1243800473,0.0509029541
166,0.4889166293,0.0665594562,0.0299042090,0.0675603733,0.0764655114,0.1237272397,0.0715336786,0.0383043101,0.0213571273,0.0156714652
167,0.4071358304,0.0235482838,0.0149382197,0.0048613132,0.0387757245,0.0112911807,0.0284797020,0.4052783483,0.0043084136,0.0613829838
168,0.7606789619,0.0315658084,0.0138382808,0.0030307895,0.0683856246,0.0733348352,0.0301631384,0.0031150102,0.0110036699,0.0048838811
169,0.1224977474,0.0158842898,0.0238115348,0.3976984190,0.0390706844,0.3127349560,0.0185670829,0.0244349692,0.0028817904,0.0424185260
170,0.2387014015,0.0156471539,0.0074678116,0.1897485021,0.2229501390,0.1599667382,0.0439443054,0.0433782943,0.0058617798,0.0723338741
171,0.0933297289,0.7391754359,0.0228148118,0.0362300712,0.0099651882,0.0152620630,0.0786936744,0.0012852913,0.0005385799,0.0027051553
172,0.6173124414,0.0044934151,0.0025793722,0.0186541297,0.1609849276,0.0807742771,0.0212973375,0.0848068836,0.0019984672,0.0070987487
173,0.3751616992,0.0410698906,0.0320494557,0.0167883394,0.1646999529,0.0386278554,0.0744377401,0.2222344012,0.0129217979,0.0220088675
174,0.3297253058,0.0264552790,0.0120007183,0.0959479621,0.0924397564,0.2763745409,0.0144860463,0.0990945207,0.0215057745,0.0319700959
175,0.7861443861,0.0806502449,0.0333151786,0.0052468983,0.0125874028,0.0082633762,0.0537892918,0.0054910879,0.0014436691,0.0130684642
176,0.6147055226,0.3470111372,0.0087065316,0.0080700472,0.0025477941,0.0009741299,0.0149674510,0.0013206182,0.0005001092,0.0011966590
177,0.3791817661,0.4154481670,0.0565152001,0.0125236640,0.0514004063,0.0124725913,0.0265682017,0.0249731242,0.0031131087,0.0178037706
178,0.6392036703,0.0202981176,0.0053651499,0.1224665458,0.0564105948,0.0545224311,0.0462630490,0.0321730494,0.0015474336,0.0217499584
179,0.5688447814,0.0093081671,0.0025023781,0.0109599714,0.1032266523,0.0806063831,0.0447648425,0.1465136361,0.0024184811,0.0308547069
180,0.7902330813,0.0265000594,0.0105464071,0.0234787505,0.0153424719,0.0227629918,0.0480463395,0.0366286805,0.0008778217,0.0255833962
181,0.8264576345,0.0243724220,0.0006323414,0.0034469914,0.0081092450,0.0149300502,0.0145020693,0.0624533597,0.0010133192,0.0440825673
182,0.9023130578,0.0361074650,0.0039362620,0.0112221874,0.0193328168,0.0040794427,0.0057613952,0.0138877667,0.0002661415,0.0030934651
183,0.0243785274,0.9480316584,0.0172046160,0.0043959331,0.0024294667,0.0008932971,0.0021210731,0.0000132769,0.0004771464,0.0000550049
184,0.1480770207,0.1435724822,0.0627857959,0.0202194653,0.0094907637,0.5170476502,0.0672382236,0.0037395867,0.0177674837,0.0100615280
185,0.3556041363,0.5510006597,0.0052931734,0.0277189373,0.0138150600,0.0190057698,0.0200652915,0.0008905180,0.0049714458,0.0016350082
186,0.8076005192,0.0271849584,0.0095443949,0.0043356168,0.0600351894,0.0066248188,0.0186676841,0.0447669471,0.0006277755,0.0206120958
187,0.0642785168,0.0093447210,0.7164344964,0.0224044988,0.0208545426,0.1293059530,0.0110287756,0.0113360298,0.0084383717,0.0065740943
188,0.5994622529,0.0259970253,0.0186105386,0.0086251556,0.1197283650,0.0639165638,0.0622774342,0.0643394246,0.0111886658,0.0258545743
189,0.5101414675,0.1543435493,0.0092253636,0.0720683694,0.0916654544,0.0225741365,0.0986806364,0.0131736091,0.0030053042,0.0251221097
190,0.1979724038,0.0329934493,0.0038066332,0.3248775290,0.0713542341,0.0691371657,0.0478932822,0.0750969652,0.0032335998,0.1736347377
191,0.2265396869,0.3131217702,0.0474071386,0.1009497222,0.0938957938,0.0660058134,0.1140124683,0.0026554585,0.0273704819,0.0080416661
192,0.0875152030,0.8607633380,0.0072608680,0.0301429239,0.0043019211,0.0035296499,0.0042850215,0.0001780524,0.0009070011,0.0011160213
193,0.6727306229,0.0791939796,0.0014323799,0.0199906845,0.0690818989,0.0214268675,0.0690915768,0.0244344624,0.0221077773,0.0205097502
194,0.1673859832,0.0186609731,0.0951359693,0.0070953602,0.1167805715,0.0179299875,0.0375531102,0.0093359409,0.5191236540,0.0109984500
195,0.7168774244,0.0398468432,0.0006804686,0.0464501789,0.0779966866,0.0141032195,0.0638013015,0.0177156928,0.0076127908,0.0149153938
196,0.0262590984,0.0385092120,0.8821179070,0.0018465804,0.0169120468,0.0155022645,0.0068260152,0.0018205008,0.0077344071,0.0024719677
197,0.0677761676,0.5687604346,0.2725912410,0.0155538546,0.0129074011,0.0274385856,0.0087062365,0.0012649293,0.0210702138,0.0039309357
198,0.8140275852,0.1111286363,0.0009144616,0.0031293040,0.0138760725,0.0020034341,0.0399111840,0.0085795550,0.0003558666,0.0060739008
199,0.3771722058,0.3689468093,0.0586931782,0.0375797180,0.0110009111,0.0062133964,0.0851875808,0.0269446542,0.0041648895,0.0240966567
200,0.7091677027,0.0159691328,0.0023299903,0.0880026506,0.0461225892,0.0207247283,0.0223590242,0.0308282583,0.0013006560,0.0631952674
201,0.0735654707,0.8746734910,0.0029706064,0.0155064888,0.0051714954,0.0009485777,0.0254373854,0.0003127733,0.0002352926,0.0011784187
202,0.5688418276,0.0678311437,0.0232587158,0.0880462026,0.0722111044,0.0754226266,0.0427320158,0.0075830782,0.0362721689,0.0178011164
203,0.4318666235,0.0062908686,0.0015688929,0.0821499066,0.0696535243,0.0608277357,0.2996063982,0.0169051135,0.0049870944,0.0261438423
204,0.8869204858,0.0826401186,0.0010207415,0.0011986253,0.0075764802,0.0020370739,0.0098469532,0.0014285018,0.0003042106,0.0070268092
205,0.1695491979,0.2743185294,0.1900932828,0.1411846865,0.0430868877,0.1174542545,0.0273926920,0.0035389357,0.0182265568,0.0151549768
206,0.5887136137,0.2595567037,0.0057897647,0.0169106570,0.0359918121,0.0435591651,0.0184468318,0.0222885127,0.0029013970,0.0058415422
207,0.0862424481,0.0606190096,0.2506995553,0.0231550430,0.0312911778,0.3836713820,0.0134451049,0.0035742405,0.1331294766,0.0141725621
208,0.7574620469,0.0840571319,0.0075750603,0.0352580773,0.0160284724,0.0405329413,0.0173631529,0.0312385731,0.0007410877,0.0097434562
209,0.1614657763,0.2520467873,0.0897154781,0.1101483102,0.2019415158,0.0606099580,0.0615725836,0.0035746234,0.0507131710,0.0082117964
210,0.0583068670,0.0243258596,0.7225546190,0.0260478652,0.0193628399,0.0727961286,0.0242176291,0.0078916813,0.0410503881,0.0034461223
211,0.6375507430,0.0728712621,0.0196231698,0.1501075937,0.0195364848,0.0358422006,0.0179774598,0.0385571627,0.0007181572,0.0072157663
212,0.0667721887,0.1914756547,0.1246806516,0.1222823110,0.1801352869,0.1004359121,0.0648017614,0.0047463809,0.1365385723,0.0081312805
213,0.3119540623,0.0547138344,0.0046701591,0.2200390439,0.0545226384,0.1256090518,0.0402663832,0.0708229815,0.0057703139,0.1116315314
214,0.8761916719,0.0280314371,0.0013826728,0.0054028198,0.0343067561,0.0043416232,0.0153599656,0.0107349040,0.0012073259,0.0230408237
215,0.8925857155,0.0609902600,0.0071574993,0.0004770542,0.0138477726,0.0014134025,0.0119017607,0.0084946411,0.0002708078,0.0028610864
216,0.6589526933,0.1056840917,0.0043632107,0.0169895690,0.0780735492,0.0468334578,0.0533689397,0.0239189622,0.0065630518,0.0052524746
217,0.7230665115,0.0014188851,0.0017520619,0.0087577884,0.0697056410,0.0508885233,0.0572966792,0.0491888490,0.0059171873,0.0320078733
218,0.2539414856,0.7022406043,0.0037606808,0.0066848625,0.0091654833,0.0029051417,0.0129234302,0.0031612902,0.0035444801,0.0016725413
219,0.3232525158,0.1173789188,0.0564356454,0.1243208673,0.0787903494,0.1853411143,0.0340870398,0.0116036932,0.0217803962,0.0470094599
220,0.6705312923,0.1937967235,0.0059746948,0.0271682751,0.0173556990,0.0339465293,0.0209899534,0.0251335438,0.0014712716,0.0036320172
221,0.6068601505,0.0454635641,0.0393182630,0.0224639881,0.1105493225,0.0754575018,0.0450365274,0.0411690841,0.0099339354,0.0037476631
222,0.6670504968,0.0141959706,0.0209404112,0.0585495830,0.0420813038,0.0134043328,0.0159283327,0.1445800609,0.0026098926,0.0206596156
223,0.7973873781,0.0763484454,0.0110033321,0.0021342979,0.0260475543,0.0027237429,0.0143765883,0.0167553100,0.0003657672,0.0528575838
224,0.8287023411,0.0396234370,0.0023575483,0.0455713295,0.0412296639,0.0109307504,0.0121104003,0.0112624196,0.0032750347,0.0049370752
225,0.5304135615,0.2859214651,0.0226662674,0.0934908400,0.0256067596,0.0195914941,0.0142340408,0.0012621654,0.0006364962,0.0061769099
226,0.1498167239,0.4674215153,0.0366205273,0.1088947211,0.0374226381,0.0999802513,0.0640564555,0.0090550136,0.0131900570,0.0135420969
227,0.8212748245,0.0674342730,0.0185942025,0.0021273947,0.0472035011,0.0082154535,0.0285389829,0.0040616870,0.0003161973,0.0022334835
228,0.1205498897,0.4124236561,0.0931608828,0.2040889142,0.0243913283,0.1143209940,0.0115382889,0.0019619926,0.0105891917,0.0069748617
229,0.0519638707,0.0424846757,0.8127285249,0.0029473010,0.0063315951,0.0587421736,0.0087497526,0.0005805466,0.0106306897,0.0048408701
230,0.7210709397,0.0866819761,0.0067705335,0.0055960416,0.1024884920,0.0026258862,0.0595727926,0.0106595769,0.0014608423,0.0030729192
231,0.4577557860,0.1081208493,0.2280801591,0.0164490049,0.0593085394,0.0304655072,0.0465557902,0.0363935690,0.0025093291,0.0143614659
232,0.2181909431,0.0150867587,0.1232469881,0.1396748225,0.0667610739,0.2653458689,0.0352795911,0.0557844454,0.0110087478,0.0696207607
233,0.5415889368,0.0963537847,0.0052748119,0.1723127712,0.0866935914,0.0160799955,0.0480437672,0.0077519270,0.0055166323,0.0203837820
234,0.7197105702,0.0443991675,0.0359213635,0.0032723099,0.0722712385,0.0133744365,0.0710156565,0.0196477995,0.0034593257,0.0169281322
235,0.6884757449,0.0028665991,0.0026012450,0.0360365970,0.0559273548,0.0753171407,0.0578976918,0.0599345063,0.0018486255,0.0190944949
236,0.8215505896,0.0353264269,0.0047187369,0.0039121087,0.0452461035,0.0051572685,0.0395086852,0.0323698994,0.0010588958,0.0111512854
237,0.2249211109,0.1430273989,0.3489478937,0.0530067612,0.0644679752,0.0852078925,0.0291651613,0.0236556364,0.0112691309,0.0163310390
238,0.1040052666,0.0363118263,0.0534890366,0.0538081699,0.2949611626,0.3237941666,0.0655198866,0.0079648635,0.0498956025,0.0102500188
239,0.6897125518,0.0179293382,0.0079084587,0.0038921012,0.0518288490,0.0217211510,0.0512186707,0.0824927262,0.0023308590,0.0709652943
240,0.6857112474,0.0237776066,0.0186115023,0.0076834674,0.0428820065,0.0314796769,0.0321338016,0.1512172402,0.0023773918,0.0041260594
241,0.1925311375,0.0443383761,0.0092233635,0.0087399067,0.0231780067,0.0158980694,0.0385837973,0.5831514659,0.0269328037,0.0574230732
242,0.7317650753,0.1481518520,0.0027574941,0.0259038589,0.0195144938,0.0080049207,0.0307205805,0.0148515507,0.0022931529,0.0160370212
243,0.6138769521,0.0218936529,0.0020798484,0.0083944597,0.0480909919,0.0178227788,0.1485009576,0.1088025550,0.0030527011,0.0274851026
244,0.7897199706,0.1648546789,0.0029847532,0.0120591382,0.0088301189,0.0076218635,0.0039481359,0.0067961753,0.0007612928,0.0024238727
245,0.6757249215,0.0290231684,0.0487938823,0.0056663832,0.1106545033,0.0504584614,0.0240580560,0.0085162084,0.0383822502,0.0087221654
246,0.5438304600,0.3411039953,0.0205304231,0.0329570693,0.0232414062,0.0034226967,0.0214058857,0.0036157924,0.0006944002,0.0091978710
247,0.2035481068,0.1858303702,0.2324967635,0.0184047740,0.0458122871,0.1915926560,0.0525712000,0.0063359825,0.0503442387,0.0130636211
248,0.2674804436,0.5764482757,0.0501378136,0.0461645176,0.0032139082,0.0408044601,0.0035118992,0.0016421836,0.0049637996,0.0056326987
249,0.6094786542,0.1340733646,0.0693078005,0.0333757192,0.0329142857,0.0182280232,0.0602966977,0.0050407835,0.0054058050,0.0318788665
250,0.0984933319,0.8823543764,0.0009653625,0.0104300715,0.0015678964,0.0011054517,0.0028117188,0.0005978984,0.0001715466,0.0015023460
251,0.9620190888,0.0150530203,0.0004705654,0.0003387817,0.0080103468,0.0027753928,0.0057911104,0.0033600897,0.0001647607,0.0020168434
252,0.4140148988,0.1157521962,0.0141896172,0.1266012145,0.0810245192,0.0844230434,0.0751584753,0.0263498621,0.0068561570,0.0556300163
253,0.8374390421,0.0594803813,0.0008609180,0.0104819458,0.0586467907,0.0016598684,0.0176488881,0.0084455137,0.0007021541,0.0046344977
254,0.1722220395,0.1396763679,0.6183249814,0.0087611260,0.0260067993,0.0081538814,0.0131257265,0.0031334018,0.0035312389,0.0070644373
255,0.9304616127,0.0147157881,0.0004466707,0.0032722430,0.0249653087,0.0145721862,0.0076854372,0.0020026666,0.0000807726,0.0017973143
256,0.6860670016,0.2281182343,0.0008913978,0.0131866325,0.0032222507,0.0031346842,0.0418608067,0.0097989417,0.0002528946,0.0134671559
257,0.7600518527,0.0133144942,0.0008472858,0.0045357238,0.0855974757,0.0102316152,0.0525416217,0.0622974309,0.0030445929,0.0075379069
258,0.4264112478,0.1744525890,0.0237972114,0.1634043378,0.0301618436,0.0641119156,0.0419266795,0.0489278920,0.0093454071,0.0174608762
259,0.9226451754,0.0072662174,0.0007734456,0.0016006907,0.0163222872,0.0018190696,0.0311788136,0.0142190560,0.0001343120,0.0040409327
260,0.4373564658,0.3011704029,0.0077190923,0.1696193031,0.0182276900,0.0287086743,0.0280500909,0.0026499190,0.0010976661,0.0054006957
261,0.2116965143,0.0076428019,0.0061003995,0.0393440021,0.0143877372,0.6890348854,0.0153542716,0.0066543575,0.0016849452,0.0081000852
262,0.3364760733,0.5605067003,0.0014073312,0.0542295033,0.0306966698,0.0021547647,0.0071454984,0.0026286390,0.0017871824,0.0029676377
263,0.8452321847,0.0577914069,0.0303218636,0.0016481269,0.0130440940,0.0076622793,0.0197271847,0.0135613011,0.0004574959,0.0105540628
264,0.4438625818,0.1190611003,0.0144989532,0.0753986835,0.2020379647,0.0335905068,0.0693572182,0.0040515970,0.0036753091,0.0344660854
265,0.1182549396,0.0708649227,0.0046020107,0.6557700014,0.0343649791,0.0892079640,0.0153985308,0.0025277701,0.0010618223,0.0079470594
266,0.0299076986,0.0876039694,0.0128475641,0.8236254321,0.0062629337,0.0188924132,0.0095035627,0.0040681778,0.0008779142,0.0064103343
267,0.8492206868,0.0525151789,0.0191226276,0.0006575076,0.0509459494,0.0023309643,0.0187540506,0.0010572470,0.0025909437,0.0028048441
268,0.4331588054,0.0239256984,0.0109951492,0.0331626146,0.0296384779,0.0941279542,0.0659619634,0.2851111087,0.0031375284,0.0207806999
269,0.8778824822,0.0423621178,0.0002703681,0.0264183432,0.0044466238,0.0037207317,0.0288965978,0.0098481041,0.0003368584,0.0058177729
270,0.2052005450,0.0061945373,0.0024992743,0.0131036042,0.1454252632,0.0570742290,0.0612836424,0.3846280926,0.0071565615,0.1174342505
271,0.5194820766,0.2307912164,0.0017245662,0.1113624176,0.0241828167,0.0183562865,0.0805515875,0.0047818625,0.0011939109,0.0075732592
272,0.2260972345,0.5991906569,0.0842944324,0.0215372759,0.0083490869,0.0093514419,0.0310705928,0.0010352372,0.0090076286,0.0100664129
273,0.2125255676,0.0517329254,0.0592683044,0.0474586877,0.1142720818,0.3001589074,0.1270432436,0.0385220441,0.0042471499,0.0447710880
274,0.1699713967,0.1073916213,0.0202248794,0.1911768345,0.1327121848,0.2263225162,0.0323833454,0.0106244346,0.0977357801,0.0114570070
275,0.1477596127,0.0226146471,0.0045363222,0.0655769482,0.2023172248,0.0266377260,0.0695149707,0.4177155061,0.0090981784,0.0342288637
276,0.5071777038,0.2024958747,0.0036685886,0.0110528465,0.0883943061,0.0550612933,0.0860991738,0.0194661086,0.0179509808,0.0086331238
277,0.8302606922,0.0173482701,0.0049632763,0.0040499003,0.0418633671,0.0143695755,0.0350369481,0.0451598685,0.0011232012,0.0058249006
278,0.8459933331,0.0899893076,0.0035917743,0.0023775085,0.0081155575,0.0048666760,0.0157402492,0.0167637162,0.0108678648,0.0016940127
279,0.3270011916,0.0545821876,0.0127546826,0.3367077720,0.0630186976,0.0574352046,0.0396012195,0.0884134942,0.0088735772,0.0116119732
280,0.6577788042,0.0500001066,0.0172442555,0.0039084697,0.0772414223,0.0549038574,0.1068845405,0.0164130053,0.0090415934,0.0065839452
281,0.1834911790,0.0170637341,0.0770945407,0.1150359546,0.2686105810,0.1761642684,0.0622901187,0.0331293200,0.0078268827,0.0592934208
282,0.9584306775,0.0170509937,0.0063779171,0.0044984715,0.0042377945,0.0016891243,0.0034895686,0.0017480086,0.0000655804,0.0024118638
283,0.8691047216,0.0100047926,0.0004731780,0.0016167804,0.0162310591,0.0073559118,0.0147558498,0.0728725548,0.0005387626,0.0070463894
284,0.7507738535,0.0124711007,0.0033883494,0.0301800414,0.0509378794,0.1004420182,0.0133256166,0.0275547591,0.0027657901,0.0081605917
285,0.4635734790,0.0438032959,0.0045029292,0.0119575147,0.0117850423,0.0191792009,0.0435114386,0.3939953332,0.0007166682,0.0069750981
286,0.1186924486,0.4957695599,0.2939345540,0.0127371249,0.0038562884,0.0461894258,0.0155680404,0.0016604240,0.0041388424,0.0074532916
287,0.0770663309,0.0497065678,0.1018269263,0.0585343204,0.3902292454,0.0683882308,0.0731236045,0.0448042758,0.0789958019,0.0573246962
288,0.5341809534,0.0077033089,0.0042581794,0.0054270511,0.0918840582,0.0246892410,0.0325049298,0.0415726073,0.0193012845,0.2384783864
289,0.4885166147,0.0397126950,0.0019151576,0.0738371351,0.0760060282,0.0068654428,0.1981849645,0.0911591083,0.0015204849,0.0222823691
290,0.6323512125,0.2961617406,0.0036101072,0.0125942223,0.0075202989,0.0153143513,0.0161013356,0.0071795614,0.0001851479,0.0089820223
291,0.9576279887,0.0085323892,0.0016326653,0.0036366335,0.0074269622,0.0053851962,0.0065231451,0.0026848863,0.0003468394,0.0062032942
292,0.7578292724,0.0141528260,0.0010222833,0.0417851182,0.0814000831,0.0213749876,0.0198122004,0.0539163803,0.0005960181,0.0081108305
293,0.0934394196,0.0236632406,0.3423807551,0.0480420354,0.0256744153,0.1251358465,0.0357081323,0.0243410755,0.0461732564,0.2354418234
294,0.7338714258,0.0141007013,0.0014133538,0.0072829006,0.0550528196,0.0482038709,0.1040099697,0.0235477108,0.0019692202,0.0105480273
295,0.5179719979,0.0058953802,0.0026371452,0.0449507429,0.0995750096,0.1570170709,0.0366760027,0.1226088985,0.0005667887,0.0121009635
296,0.5204983449,0.0787525303,0.0245708815,0.0736892585,0.0138540094,0.2167565134,0.0200412096,0.0127865423,0.0238710937,0.0151796165
297,0.8942126608,0.0400406200,0.0085103129,0.0035726911,0.0182104994,0.0125011670,0.0056310103,0.0048771581,0.0018552036,0.0105886769
298,0.6032068383,0.2649088124,0.0072556621,0.0164186398,0.0309374111,0.0338881732,0.0211557339,0.0177133208,0.0011994054,0.0033160030
